140709003	28	
140709004	21
140709005	43
140709006	75
140709007	44	
140709008	64
140709009	56	
140709011	74
140709014	28	
140709015	67
140709016	37
140709017	67
140709018	45							
140709020	44	
140709021	12			
140709023	46	
140709024	44	
140709025	46
140709026	27	
140709028	11	
140709029	16	
140709030	16	
140709033	22
140709034	31
140709035	62	
140709036	15	
140709037	89
140709038	22	
150709006	75
150709026	77
150709034	13	
340709002	43
340709003	52
350709048	81
350709049	38
350709050	17