1.961847934183166275e-01 6.077180188392585641e-02 3.225806451612903136e-01
2.457395725449581236e-01 6.400487656202376308e-02 0.000000000000000000e+00
2.436271282099520541e-01 1.294079585894532536e-01 0.000000000000000000e+00
3.780856160816581379e-01 2.159526297457331767e-01 3.225806451612903136e-01
2.148563033697548641e-01 1.009145380006307019e-01 3.225806451612903136e-01
3.852999685896764670e-01 2.375044310528181268e-01 9.523809523809523281e-01
2.757689711696075796e-01 2.877167097012172658e-01 9.523809523809523281e-01
2.684306394401304030e-01 9.401441554371670062e-02 0.000000000000000000e+00
3.510387882509466984e-01 6.080147397512667418e-01 2.727272727272727071e+00
3.363296636703363429e-01 1.330736773774748305e-01 9.523809523809523281e-01
2.306762161659380583e-01 1.404769683110094758e-01 3.225806451612903136e-01
3.124690010911616023e-01 2.287926786342836805e-01 9.523809523809523281e-01
2.329699002888827031e-01 1.009145380006307019e-01 3.225806451612903136e-01
3.784798248357835182e-01 3.268719118206004914e-01 9.523809523809523281e-01
2.760351317440401520e-01 1.079022532529355649e-01 3.225806451612903136e-01
4.193097516396086522e-01 2.689930934205743140e-01 9.523809523809523281e-01
2.148563033697548641e-01 2.598339949476722865e-01 9.523809523809523281e-01
3.752208710113293932e-01 3.902827558741537306e-01 2.727272727272727071e+00
2.215861877942941760e-01 1.114294810569882166e-01 9.523809523809523281e-01
1.791284199269227440e-01 6.400487656202376308e-02 0.000000000000000000e+00
2.238460826935528836e-01 8.382489909965848418e-02 3.225806451612903136e-01
2.283910500417788703e-01 1.221472195435551189e-01 3.225806451612903136e-01
1.996189093548680071e-01 8.047044258743422940e-02 3.225806451612903136e-01
2.563859082708195292e-01 1.479776389345609788e-01 2.727272727272727071e+00
2.283910500417788703e-01 8.382489909965848418e-02 3.225806451612903136e-01
2.227150910267073347e-01 7.713668620796050590e-02 0.000000000000000000e+00
2.433981768630767983e-01 9.745363093366865570e-02 3.225806451612903136e-01
4.639574797918281091e-01 3.684829478635829325e-01 9.523809523809523281e-01
2.869370683785624210e-01 1.750252440255805897e-01 0.000000000000000000e+00
1.564548553448125157e-01 1.009145380006307019e-01 9.523809523809523281e-01
4.442746425062765736e-01 3.684829478635829325e-01 9.523809523809523281e-01
4.168899367699067660e-01 3.319343761922929903e-01 9.523809523809523281e-01
4.179616332654592092e-01 4.360345536816125356e-01 9.523809523809523281e-01
3.232909618656791273e-01 2.117320374869836597e-01 0.000000000000000000e+00
1.866977829638273301e-01 6.725771935188015749e-02 3.225806451612903136e-01
2.306762161659380583e-01 8.072027320707854392e-02 0.000000000000000000e+00
4.286794082712450105e-01 2.829841969864020368e-01 9.523809523809523281e-01
3.008553731196539349e-01 2.117320374869836597e-01 0.000000000000000000e+00
1.886622944928577905e-01 1.149792398594698117e-01 3.225806451612903136e-01
2.684306394401304030e-01 1.517650940283734595e-01 2.727272727272727071e+00
2.970297029702970160e-01 2.419067947349697323e-01 9.523809523809523281e-01
1.908019080190802019e-01 9.059668853483285322e-02 9.523809523809523281e-01
2.227150910267073347e-01 5.118940078289671569e-02 0.000000000000000000e+00
2.283910500417788703e-01 7.053051211284881716e-02 0.000000000000000000e+00
2.182119510174017341e-01 6.725771935188015749e-02 0.000000000000000000e+00
2.048993716419269806e-01 7.382343894186403632e-02 2.727272727272727071e+00
2.249791685955004339e-01 1.221472195435551189e-01 3.225806451612903136e-01
1.951043266190949366e-01 7.382343894186403632e-02 3.225806451612903136e-01
2.807085470912786818e-01 2.075406433759944547e-01 3.225806451612903136e-01
2.662580212623312237e-01 9.401441554371670062e-02 0.000000000000000000e+00
3.236148682496743922e-01 1.829888173500508197e-01 3.225806451612903136e-01
3.809623212608287401e-01 2.375044310528181268e-01 3.225806451612903136e-01
2.249791685955004339e-01 1.257658819735568978e-01 2.727272727272727071e+00
2.760351317440401520e-01 1.442150114716486409e-01 9.523809523809523281e-01
3.896649511605923544e-01 3.070011231748408509e-01 4.000000000000000000e+01
3.713307748158904409e-01 2.689930934205743140e-01 9.523809523809523281e-01
1.749400586093597387e-01 7.713668620796050590e-02 9.523809523809523281e-01
1.897311392860354384e-01 9.059668853483285322e-02 9.523809523809523281e-01
4.333225002708265272e-01 2.553038475368571980e-01 3.225806451612903136e-01
2.909872082804413895e-01 1.079022532529355649e-01 9.523809523809523281e-01
2.995776446321579134e-01 2.419067947349697323e-01 9.523809523809523281e-01
2.261143545547215361e-01 8.382489909965848418e-02 2.727272727272727071e+00
2.261143545547215361e-01 9.401441554371670062e-02 3.225806451612903136e-01
3.684918745471483237e-01 3.370356185369590141e-01 9.523809523809523281e-01
3.970013726111287222e-01 2.972872538089929018e-01 9.523809523809523281e-01
2.819494235054743059e-01 1.951386511468674867e-01 3.225806451612903136e-01
2.947801390657134313e-01 1.149792398594698117e-01 0.000000000000000000e+00
2.093044511470615321e-01 6.725771935188015749e-02 0.000000000000000000e+00
3.451786987068526380e-01 4.070939137444579137e-01 9.523809523809523281e-01
2.528169680901429794e-01 1.079022532529355649e-01 3.225806451612903136e-01
1.813957644535787728e-01 1.114294810569882166e-01 0.000000000000000000e+00
4.127900759277082776e-01 3.268719118206004914e-01 4.000000000000000000e+01
3.176974404939746921e-01 2.117320374869836597e-01 2.727272727272727071e+00
2.504489178716567399e-01 1.221472195435551189e-01 0.000000000000000000e+00
2.575800779393593865e-01 9.401441554371670062e-02 0.000000000000000000e+00
2.887523168471368695e-01 1.951386511468674867e-01 9.523809523809523281e-01
2.204593672170464258e-01 9.745363093366865570e-02 2.727272727272727071e+00
4.271383885233523969e-01 3.421760861207227555e-01 3.225806451612903136e-01
3.101773857893171948e-01 2.508061626657112075e-01 0.000000000000000000e+00
3.203273126434487694e-01 2.972872538089929018e-01 3.225806451612903136e-01
2.944917327071714941e-01 1.479776389345609788e-01 9.523809523809523281e-01
2.492682466244925121e-01 1.043973426130971188e-01 3.225806451612903136e-01
2.770002895473410165e-01 1.221472195435551189e-01 3.225806451612903136e-01
2.295325713223678177e-01 8.720024914356896972e-02 9.523809523809523281e-01
2.635851399102282500e-01 9.745363093366865570e-02 9.523809523809523281e-01
2.684306394401304030e-01 9.401441554371670062e-02 2.727272727272727071e+00
3.127792672028597010e-01 1.910610713067212307e-01 0.000000000000000000e+00
2.770002895473410165e-01 1.257658819735568978e-01 0.000000000000000000e+00
3.517022799304774239e-01 2.287926786342836805e-01 3.225806451612903136e-01
1.865303560218814494e-01 8.047044258743422940e-02 9.523809523809523281e-01
2.922490470139771368e-01 1.632789070309896562e-01 3.225806451612903136e-01
2.542453277677639845e-01 1.257658819735568978e-01 0.000000000000000000e+00
3.229677032296770500e-01 2.375044310528181268e-01 2.727272727272727071e+00
1.972672156365939955e-01 5.436424041075203772e-02 0.000000000000000000e+00
3.282802931432586835e-01 1.671681711802072701e-01 3.225806451612903136e-01
2.807085470912786818e-01 1.404769683110094758e-01 0.000000000000000000e+00
3.499642893582287639e-01 5.508662816525988770e-01 9.523809523809523281e-01
3.190110656963413560e-01 2.508061626657112075e-01 3.225806451612903136e-01
3.940575281845959399e-01 3.370356185369590141e-01 3.225806451612903136e-01
3.114770360083324863e-01 1.114294810569882166e-01 9.523809523809523281e-01
2.387416908529164106e-01 1.009145380006307019e-01 3.225806451612903136e-01
2.126294565117771151e-01 8.720024914356896972e-02 3.225806451612903136e-01
3.795224689813366803e-01 3.684829478635829325e-01 9.523809523809523281e-01
2.182119510174017341e-01 1.114294810569882166e-01 3.225806451612903136e-01
3.666976552009089674e-01 3.847679492264974299e-01 9.523809523809523281e-01
2.985954228464787197e-01 1.114294810569882166e-01 3.225806451612903136e-01
2.016165652529288976e-01 8.382489909965848418e-02 0.000000000000000000e+00
3.219678032196780504e-01 1.829888173500508197e-01 9.523809523809523281e-01
3.652873800433391605e-01 3.168615616748396424e-01 3.225806451612903136e-01
3.059915112032375872e-01 1.555776233035418565e-01 9.523809523809523281e-01
3.309526204607182165e-01 3.268719118206004914e-01 9.523809523809523281e-01
2.028932763169866427e-01 1.079022532529355649e-01 0.000000000000000000e+00
3.363296636703363429e-01 2.202027263194686890e-01 9.523809523809523281e-01
3.723680116170521859e-01 4.419661296984717103e-01 4.000000000000000000e+01
2.745400250457566971e-01 9.401441554371670062e-02 9.523809523809523281e-01
3.896649511605923544e-01 4.014452027298273662e-01 3.225806451612903136e-01
1.972672156365939955e-01 1.221472195435551189e-01 9.523809523809523281e-01
5.383094988954773008e-01 3.578374173473356512e-01 3.225806451612903136e-01
2.983024237071926210e-01 1.330736773774748305e-01 0.000000000000000000e+00
3.339723539501563976e-01 2.075406433759944547e-01 3.225806451612903136e-01
2.238460826935528836e-01 9.745363093366865570e-02 3.225806451612903136e-01
2.708673518394006385e-01 7.359522625559423714e-01 2.727272727272727071e+00
2.445677734926159641e-01 7.382343894186403632e-02 0.000000000000000000e+00
1.897311392860354384e-01 1.009145380006307019e-01 3.225806451612903136e-01
2.341199514970618567e-01 8.047044258743422940e-02 0.000000000000000000e+00
3.970013726111287222e-01 3.070011231748408509e-01 9.523809523809523281e-01
3.111683678525418717e-01 2.331331684916990166e-01 3.225806451612903136e-01
2.364265021960564594e-01 1.330736773774748305e-01 0.000000000000000000e+00
1.594952239067566613e-01 8.382489909965848418e-02 3.225806451612903136e-01
2.995776446321579134e-01 1.330736773774748305e-01 3.225806451612903136e-01
2.834676245024755348e-01 1.632789070309896562e-01 2.727272727272727071e+00
2.170913439425996017e-01 1.294079585894532536e-01 2.727272727272727071e+00
3.652873800433391605e-01 1.294079585894532536e-01 2.727272727272727071e+00
3.322928204611821368e-01 1.951386511468674867e-01 9.523809523809523281e-01
3.047036781382506665e-01 1.257658819735568978e-01 0.000000000000000000e+00
3.376807198463249171e-01 1.870112206732403859e-01 9.523809523809523281e-01
3.458447767266809025e-01 2.553038475368571980e-01 9.523809523809523281e-01
2.551940043639123745e-01 9.059668853483285322e-02 0.000000000000000000e+00
4.074034677162003959e-01 3.268719118206004914e-01 3.225806451612903136e-01
1.666519707256855776e-01 8.382489909965848418e-02 3.225806451612903136e-01
2.623795439366473081e-01 1.114294810569882166e-01 0.000000000000000000e+00
2.422307764529152418e-01 7.382343894186403632e-02 0.000000000000000000e+00
3.548354014972823212e-01 3.218477849299507532e-01 9.523809523809523281e-01
4.029265189269430336e-01 2.117320374869836597e-01 2.727272727272727071e+00
3.857038046326380920e-01 2.244826376709926075e-01 9.523809523809523281e-01
3.390345106770569772e-01 2.463405926454837469e-01 3.225806451612903136e-01
1.983515985870845100e-01 6.725771935188015749e-02 0.000000000000000000e+00
3.101773857893171948e-01 1.517650940283734595e-01 3.225806451612903136e-01
3.417503295811783470e-01 5.647691618108471312e-01 3.225806451612903136e-01
1.908019080190802019e-01 7.713668620796050590e-02 0.000000000000000000e+00
3.269481496339384230e-01 1.750252440255805897e-01 9.523809523809523281e-01
3.925902536575097135e-01 3.119128147313040000e-01 4.000000000000000000e+01
2.399025395932902482e-01 7.382343894186403632e-02 3.225806451612903136e-01
2.469135802469135943e-01 7.713668620796050590e-02 3.225806451612903136e-01
1.812338184090706295e-01 5.755831566192062820e-02 0.000000000000000000e+00
2.457395725449581236e-01 1.594154765858518674e-01 3.225806451612903136e-01
4.093380236648545001e-01 3.421760861207227555e-01 9.523809523809523281e-01
3.417503295811783470e-01 2.287926786342836805e-01 2.727272727272727071e+00
4.650647768796368209e-01 2.033781454670803013e-01 3.225806451612903136e-01
3.624755431984347798e-01 2.287926786342836805e-01 3.225806451612903136e-01
3.203273126434487694e-01 1.992442459635863916e-01 9.523809523809523281e-01
3.137722172574719526e-01 2.553038475368571980e-01 9.523809523809523281e-01
4.490198225824115763e-01 2.463405926454837469e-01 9.523809523809523281e-01
1.994379476022119513e-01 1.149792398594698117e-01 3.225806451612903136e-01
2.628811777076761613e-01 1.594154765858518674e-01 0.000000000000000000e+00
2.274626311391700073e-01 1.330736773774748305e-01 9.523809523809523281e-01
2.306762161659380583e-01 6.400487656202376308e-02 0.000000000000000000e+00
4.256006895808641111e-01 2.689930934205743140e-01 9.523809523809523281e-01
3.737929602325822942e-01 2.202027263194686890e-01 9.523809523809523281e-01
4.786936584274689710e-01 4.014452027298273662e-01 4.000000000000000000e+01
2.375830137498831096e-01 9.401441554371670062e-02 9.523809523809523281e-01
2.757689711696075796e-01 1.185517462351810269e-01 0.000000000000000000e+00
2.590229501952195368e-01 1.114294810569882166e-01 9.523809523809523281e-01
3.485883192335134106e-01 2.508061626657112075e-01 3.225806451612903136e-01
2.139381140391148906e-01 7.053051211284881716e-02 0.000000000000000000e+00
3.037175820924957748e-01 2.782863419992676612e-01 9.523809523809523281e-01
2.061855670103092952e-01 1.479776389345609788e-01 9.523809523809523281e-01
3.499642893582287639e-01 1.555776233035418565e-01 9.523809523809523281e-01
3.737929602325822942e-01 2.553038475368571980e-01 9.523809523809523281e-01
3.167015237526142890e-01 1.330736773774748305e-01 3.225806451612903136e-01
3.955278979010652951e-01 2.553038475368571980e-01 3.225806451612903136e-01
3.417503295811783470e-01 1.951386511468674867e-01 9.523809523809523281e-01
3.114770360083324863e-01 1.555776233035418565e-01 0.000000000000000000e+00
2.760351317440401520e-01 1.517650940283734595e-01 0.000000000000000000e+00
2.318219905036775219e-01 7.713668620796050590e-02 3.225806451612903136e-01
2.364265021960564594e-01 9.401441554371670062e-02 2.727272727272727071e+00
2.070978925280540228e-01 9.401441554371670062e-02 3.225806451612903136e-01
3.336357222054228133e-01 2.972872538089929018e-01 3.225806451612903136e-01
3.857038046326380920e-01 2.075406433759944547e-01 3.225806451612903136e-01
4.541946863631352582e-01 3.421760861207227555e-01 9.523809523809523281e-01
4.003813155386081735e-01 2.553038475368571980e-01 3.225806451612903136e-01
3.021356165731719501e-01 2.463405926454837469e-01 9.523809523809523281e-01
2.238460826935528836e-01 9.401441554371670062e-02 3.225806451612903136e-01
2.170913439425996017e-01 1.404769683110094758e-01 9.523809523809523281e-01
3.999576764363559356e-01 3.168615616748396424e-01 9.523809523809523281e-01
2.005262680337537573e-01 8.720024914356896972e-02 2.727272727272727071e+00
3.723680116170521859e-01 2.419067947349697323e-01 3.225806451612903136e-01
3.904852120829386264e-01 2.419067947349697323e-01 4.000000000000000000e+01
1.983515985870845100e-01 9.401441554371670062e-02 3.225806451612903136e-01
3.114770360083324863e-01 1.043973426130971188e-01 3.225806451612903136e-01
1.929492381209990115e-01 1.221472195435551189e-01 9.523809523809523281e-01
2.364265021960564594e-01 7.053051211284881716e-02 3.225806451612903136e-01
3.085748195035110109e-01 1.870112206732403859e-01 3.225806451612903136e-01
2.480898028487878715e-01 1.114294810569882166e-01 3.225806451612903136e-01
2.422307764529152418e-01 9.401441554371670062e-02 0.000000000000000000e+00
3.349813338714559552e-01 2.075406433759944547e-01 9.523809523809523281e-01
4.333225002708265272e-01 2.829841969864020368e-01 3.225806451612903136e-01
3.709460159568956361e-01 2.508061626657112075e-01 2.727272727272727071e+00
2.566295979469632171e-01 1.079022532529355649e-01 0.000000000000000000e+00
2.782339870543908966e-01 1.404769683110094758e-01 3.225806451612903136e-01
2.469135802469135943e-01 9.745363093366865570e-02 0.000000000000000000e+00
2.272516464149893500e-01 9.401441554371670062e-02 3.225806451612903136e-01
2.831927068179614371e-01 1.594154765858518674e-01 0.000000000000000000e+00
2.480898028487878715e-01 1.043973426130971188e-01 0.000000000000000000e+00
1.865303560218814494e-01 5.118940078289671569e-02 0.000000000000000000e+00
4.194828881021349654e-01 2.033781454670803013e-01 2.727272727272727071e+00
3.085748195035110109e-01 1.330736773774748305e-01 3.225806451612903136e-01
1.994379476022119513e-01 5.436424041075203772e-02 0.000000000000000000e+00
3.193294082426903491e-01 1.829888173500508197e-01 9.523809523809523281e-01
2.708673518394006385e-01 1.829888173500508197e-01 9.523809523809523281e-01
4.395604395604395531e-01 5.237887385421213793e-01 9.523809523809523281e-01
2.059976301157597500e-01 8.382489909965848418e-02 3.225806451612903136e-01
2.834676245024755348e-01 1.221472195435551189e-01 9.523809523809523281e-01
3.517022799304774239e-01 2.244826376709926075e-01 0.000000000000000000e+00
2.623795439366473081e-01 6.725771935188015749e-02 0.000000000000000000e+00
4.522006365931291461e-01 2.689930934205743140e-01 2.727272727272727071e+00
2.038031116367937656e-01 7.382343894186403632e-02 9.523809523809523281e-01
4.765093181564557523e-01 2.972872538089929018e-01 9.523809523809523281e-01
3.485883192335134106e-01 2.736227654140824250e-01 3.225806451612903136e-01
4.048453936882371318e-01 4.014452027298273662e-01 4.000000000000000000e+01
2.082001643685508219e-01 7.053051211284881716e-02 0.000000000000000000e+00
2.757689711696075796e-01 1.221472195435551189e-01 0.000000000000000000e+00
4.260597562291014717e-01 3.021260723610592613e-01 9.523809523809523281e-01
2.809805251429125517e-01 1.910610713067212307e-01 2.727272727272727071e+00
2.551940043639123745e-01 1.257658819735568978e-01 9.523809523809523281e-01
2.375830137498831096e-01 4.177857356013130186e-02 3.225806451612903136e-01
2.587765198363619068e-01 1.294079585894532536e-01 0.000000000000000000e+00
1.983515985870845100e-01 8.047044258743422940e-02 0.000000000000000000e+00
2.387416908529164106e-01 7.713668620796050590e-02 0.000000000000000000e+00
2.016165652529288976e-01 1.257658819735568978e-01 3.225806451612903136e-01
2.017998363785110660e-01 1.367632692933897776e-01 2.727272727272727071e+00
4.405190273688801561e-01 3.578374173473356512e-01 2.727272727272727071e+00
3.030303030303030387e-01 1.992442459635863916e-01 9.523809523809523281e-01
3.766517531994589274e-01 1.870112206732403859e-01 2.727272727272727071e+00
3.008553731196539349e-01 1.442150114716486409e-01 9.523809523809523281e-01
3.163864292110237786e-01 2.287926786342836805e-01 3.225806451612903136e-01
2.563859082708195292e-01 1.079022532529355649e-01 9.523809523809523281e-01
2.050861361771944280e-01 4.489673750374139488e-02 0.000000000000000000e+00
2.469135802469135943e-01 1.043973426130971188e-01 0.000000000000000000e+00
3.638800123698587852e-01 2.033781454670803013e-01 2.727272727272727071e+00
2.626301212873651258e-01 1.043973426130971188e-01 0.000000000000000000e+00
2.881900496543666756e-01 1.594154765858518674e-01 3.225806451612903136e-01
2.611762463063578288e-01 5.436424041075203772e-02 0.000000000000000000e+00
2.104107583935596049e-01 9.745363093366865570e-02 0.000000000000000000e+00
2.261143545547215361e-01 1.043973426130971188e-01 0.000000000000000000e+00
3.737929602325822942e-01 3.631393986723935874e-01 3.225806451612903136e-01
2.770002895473410165e-01 1.517650940283734595e-01 9.523809523809523281e-01
4.149288846112715312e-01 2.877167097012172658e-01 4.000000000000000000e+01
2.341199514970618567e-01 7.382343894186403632e-02 9.523809523809523281e-01
1.544367856208009870e-01 6.077180188392585641e-02 9.523809523809523281e-01
3.582794374294220319e-01 2.924842650870048133e-01 4.000000000000000000e+01
3.114770360083324863e-01 4.360345536816125356e-01 9.523809523809523281e-01
2.137418585450876207e-01 6.725771935188015749e-02 3.225806451612903136e-01
2.575800779393593865e-01 8.382489909965848418e-02 4.000000000000000000e+01
1.759843569460492474e-01 9.401441554371670062e-02 9.523809523809523281e-01
3.624755431984347798e-01 2.553038475368571980e-01 0.000000000000000000e+00
2.602230483271375516e-01 1.294079585894532536e-01 3.225806451612903136e-01
2.578251355722576688e-01 4.803362353647552818e-02 3.225806451612903136e-01
2.354920100925147475e-01 8.720024914356896972e-02 9.523809523809523281e-01
2.306762161659380583e-01 1.079022532529355649e-01 3.225806451612903136e-01
2.492682466244925121e-01 8.047044258743422940e-02 0.000000000000000000e+00
2.074764646741614205e-01 9.059668853483285322e-02 0.000000000000000000e+00
2.059976301157597500e-01 1.079022532529355649e-01 9.523809523809523281e-01
2.193346235370012276e-01 1.043973426130971188e-01 3.225806451612903136e-01
2.720892221901740626e-01 8.720024914356896972e-02 3.225806451612903136e-01
2.115190916582730674e-01 6.725771935188015749e-02 0.000000000000000000e+00
2.115190916582730674e-01 6.725771935188015749e-02 3.225806451612903136e-01
2.115190916582730674e-01 1.185517462351810269e-01 3.225806451612903136e-01
