8.884706145342717553e-19 -8.062362442412120379e-15 2.920629543064204209e-11 -4.974476152701392034e-08 3.654918428017766386e-05 -7.311384179685245614e-03 3.225679910246965765e-01
5.233920924450948348e-18 -3.270588365559873655e-14 8.025438986721605194e-11 -9.615056551817672881e-08 5.374989342051371405e-05 -9.111123635063266349e-03 3.480764078426455965e-01
9.103182801258183827e-19 -4.385901366838644936e-15 9.551384697409817932e-12 -1.326425076823338695e-08 8.962154451339440385e-06 -1.217212078019011838e-04 4.237236388214114108e-02
-2.114882640663637559e-18 1.756850287218409797e-14 -5.235858507226740777e-11 7.079146533884337537e-08 -4.554882193971546595e-05 1.382061873828061005e-02 -6.487063827960581897e-01
2.702534963454257806e-18 -1.693007073949926903e-14 4.323944894363428710e-11 -5.613983174483590175e-08 3.447307146661865418e-05 -5.901731367765953445e-03 2.738822818690222483e-01
3.003795537539503516e-18 -1.579615004133422106e-14 3.026262173704820988e-11 -2.517183808230958622e-08 6.206680700357985015e-06 2.995025524362932099e-03 -1.463507604394596040e-01
-3.957421834567006851e-18 2.642648151897663910e-14 -6.452628239146106154e-11 7.045068279787421016e-08 -3.525023669744340701e-05 8.962967975464992271e-03 -3.008857603896697430e-01
1.144321861355271350e-18 -5.975544919225284916e-15 1.355616840776736597e-11 -1.787998247965446846e-08 1.135975298279455076e-05 -5.552950591931949710e-04 3.443674223814693902e-02
-1.358755282490393413e-18 1.245888129559771200e-14 -3.961568081654516558e-11 5.653510848175323562e-08 -3.859303278835988523e-05 1.243338257953008862e-02 -4.638429048806236299e-01
2.760748469923337623e-18 -1.482412763544268604e-14 3.010317208918132785e-11 -2.891671973830713298e-08 1.146263035354916327e-05 9.050086376056118691e-04 -2.626872049556457089e-02
9.249630343380633301e-20 1.158771310125400933e-15 -4.544332458168939759e-12 3.256382409748667025e-09 1.879765002397971739e-07 1.624155413575492602e-03 -3.340044554731461807e-02
3.124769185823001938e-18 -1.933336869384804364e-14 4.589657433615101854e-11 -5.150114191641951825e-08 2.506667829941305669e-05 -2.029241410932167838e-03 1.201963179744613419e-01
3.160442220177799815e-18 -2.075167248152505604e-14 5.458156351008126525e-11 -7.097510687935850317e-08 4.273640312051841037e-05 -7.388707257428706390e-03 3.141330608714265615e-01
-5.087578539257086028e-19 7.456386658828293329e-15 -2.818712696364757127e-11 4.374934095016233802e-08 -3.152331194982793092e-05 1.087921656639522124e-02 -4.262271028003264961e-01
5.558467847832817771e-18 -3.461686836836422659e-14 8.373036195220470956e-11 -9.762529427445476533e-08 5.250501417865624808e-05 -8.393041739732803180e-03 3.402862030898861634e-01
-1.424771456307002981e-18 1.403789417189494946e-14 -4.681263765238631933e-11 6.903409676835123502e-08 -4.731167340348900555e-05 1.430917804694623562e-02 -5.003191630050185523e-01
-8.713227976502874471e-18 5.266935824970353810e-14 -1.165703818372885509e-10 1.143937819257840602e-07 -4.946152995966799368e-05 1.015973376437285559e-02 -3.747462728667524945e-01
1.811057924894599735e-18 -5.602992823061401384e-15 -1.463913528209645140e-12 1.982175140605663687e-08 -2.265914248683226386e-05 9.852954669646822941e-03 -4.371515306626265751e-01
1.724712175600847219e-18 -9.924414736520314639e-15 2.426617469597613717e-11 -3.207198568158508815e-08 2.021082703663352467e-05 -2.538517131150208432e-03 8.243694817882775416e-02
1.196687421328282133e-18 -9.585455281992805650e-15 3.195519564447695635e-11 -5.208900420779576909e-08 3.764633481850037684e-05 -7.589926850892020349e-03 3.354391888378124853e-01
2.839540299645892742e-18 -1.850342553978464276e-14 4.882713049490898329e-11 -6.443100487965483732e-08 3.958726464237347109e-05 -6.909364291705342477e-03 3.029456570186022102e-01
9.117443896046355272e-19 -6.145793800596790755e-15 1.875228621923460980e-11 -3.009953472017373782e-08 2.134933069210617372e-05 -3.118460208868891349e-03 1.240791394584671997e-01
-1.033549553773217283e-18 4.660092378567187130e-15 -2.725565674531655825e-12 -1.231506630317974619e-08 1.637319025396637682e-05 -3.195362951229114342e-03 1.496421358082304920e-01
-6.536440967060118691e-19 6.212025030231985253e-15 -1.770125402850345263e-11 1.954174031295018961e-08 -9.312394464022513517e-06 3.813709072561143488e-03 -1.531656934537168890e-01
4.382057280319545762e-18 -2.834008360080187686e-14 7.252247336808810706e-11 -9.096055369485927900e-08 5.313245485733517938e-05 -9.446714008197618084e-03 3.731917790908316768e-01
2.255435958958218435e-18 -1.509652827149834851e-14 4.173813228829996372e-11 -5.832544635870375355e-08 3.782803246357005136e-05 -6.913874035781154490e-03 2.970424594429711962e-01
-2.761399001637464450e-18 1.766964534023419972e-14 -3.970441962363960813e-11 3.683830511485802830e-08 -1.390147618976138408e-05 3.913922093285938236e-03 -1.540306112081566703e-01
-4.790816750066493663e-20 6.203063424279655251e-15 -3.058392315539915387e-11 5.477460072125450765e-08 -4.323800840690950189e-05 1.481685463343655751e-02 -6.540692924150238730e-01
1.111314205093171400e-18 -4.702471552351337768e-15 7.612234498747812475e-12 -7.183301632800976886e-09 2.818573026471670493e-06 2.122786044934871132e-03 -1.160459704669929704e-01
1.669089891939699957e-18 -1.196392751711368888e-14 3.614252167461885707e-11 -5.514932163924123284e-08 3.859260340174705805e-05 -7.781225671423591325e-03 3.523249711689137031e-01
3.028718528207484791e-18 -1.380505340042324985e-14 1.878636642341939276e-11 -2.252310481901113874e-09 -1.278754594523163225e-05 8.618702311083236214e-03 -4.064002871065462985e-01
-5.928824791106440181e-20 4.589691974144255008e-15 -2.184880697878260440e-11 3.828358993933472167e-08 -3.038658909378472931e-05 1.123834037104079649e-02 -4.725053205007112567e-01
2.678188152363112244e-18 -1.193779532812445489e-14 1.540594285534232389e-11 -1.283246091546997001e-10 -1.265992676667103349e-05 8.218036549040890620e-03 -3.603871794540859375e-01
-3.021227538328516644e-19 5.224381139492493925e-15 -1.922164233946138842e-11 2.730378986053902301e-08 -1.794066283126966943e-05 6.839618360020596234e-03 -2.804985079720607732e-01
-3.989985680043409398e-19 1.268223066888929772e-15 3.800347369592750383e-12 -1.779551632713572518e-08 1.840292473854010735e-05 -3.563262417275517725e-03 1.775742407109811016e-01
1.394070086975815742e-18 -9.565490739426191865e-15 2.800692165487254347e-11 -4.200936965015662041e-08 2.868553721876118971e-05 -4.968918916316504564e-03 2.257837547765184083e-01
-1.416757238415292873e-18 1.262606486166182919e-14 -4.031616332057570539e-11 5.878824615323729535e-08 -4.115302824817299005e-05 1.326440135075349080e-02 -5.061383777741812473e-01
-2.884726445869783914e-19 3.810456797611292675e-15 -1.255123913250021306e-11 1.605624524321811944e-08 -1.011394982862616463e-05 4.873307004192706411e-03 -1.834395748288619177e-01
3.218911002796457880e-18 -2.018682054566190875e-14 5.108646073321752847e-11 -6.516669886606751812e-08 3.948889914559289976e-05 -7.033733937691922719e-03 3.095831658879457104e-01
1.575950211863818532e-18 -8.035756124808353492e-15 1.659446113647528297e-11 -1.860077482631614895e-08 9.842507585221456853e-06 2.599725036452595821e-04 2.714068351014023005e-03
-2.325904629109349730e-18 1.726219649922076890e-14 -4.648805906700020462e-11 5.640589925007764326e-08 -3.237251193133783723e-05 9.532605813505018108e-03 -3.807636071978183767e-01
-1.711928179082958841e-19 3.778485847856284294e-17 6.066572774684480331e-12 -1.928425886581599089e-08 1.841636080623481521e-05 -3.356253063580201448e-03 1.582613363633482984e-01
-4.344591043292688346e-20 -1.080065287190948236e-15 9.921837260491253369e-12 -2.535517124109724389e-08 2.242622280756439239e-05 -4.087798049494480689e-03 1.422221709410907697e-01
2.129812508769517551e-18 -1.356922369599540457e-14 3.568204417965352555e-11 -4.792725703807419929e-08 3.003457333878652941e-05 -4.857994222220505046e-03 2.184926984836597919e-01
1.845197132680520092e-18 -1.295672547279318473e-14 3.776034942384799390e-11 -5.520615274281276302e-08 3.691924312732902311e-05 -6.895834783460604543e-03 3.194959785873080493e-01
1.347186285275128727e-18 -8.487843969248280599e-15 2.368256401213416716e-11 -3.555610821565417700e-08 2.487292449778726942e-05 -4.236540861576489417e-03 1.900470355422909097e-01
1.715805219715515920e-18 -1.083116959665693894e-14 2.862078115308685771e-11 -3.918414422138528400e-08 2.496683868994638443e-05 -3.767305882954907412e-03 1.768534186033718647e-01
-1.279806299634560827e-19 -1.092067574861711556e-15 1.132674557283962784e-11 -2.867412993894885719e-08 2.534918043010608480e-05 -5.080313429052119717e-03 2.165324391880482091e-01
-2.505070331382351247e-18 1.767304911968072794e-14 -4.489686963573465855e-11 5.047419478720750137e-08 -2.641438229044997251e-05 7.786485251360893145e-03 -3.603342059369935013e-01
1.557108617701372245e-18 -8.607577111690303170e-15 1.967043362560543067e-11 -2.405254463877559748e-08 1.383043665679715600e-05 -8.414217182815544264e-04 6.873668731397958309e-02
-1.913682864133246661e-18 1.342221461801370503e-14 -3.331914910729909760e-11 3.595709890934981013e-08 -1.842322901015413549e-05 6.323664546797370077e-03 -3.037603791311747625e-01
1.832401372811521771e-18 -6.818355681615328990e-15 4.684282988069819618e-12 8.474535558373334074e-09 -1.415745422865134204e-05 7.794613874872287178e-03 -4.074076824212259917e-01
-5.433423975687433575e-19 4.157651631352998734e-15 -9.012725756610623567e-12 4.872595523258845740e-09 1.264974929955916879e-06 1.060387821100735239e-03 -1.987275036830350380e-02
4.019272200527358538e-19 -1.030473573988499183e-15 9.722779048313121200e-13 -2.568914780274572437e-09 2.319535086011080030e-06 1.648214052332716778e-03 -5.570953666257735803e-02
-3.747333141458615289e-19 7.291753855756734057e-15 -2.971284927309063222e-11 4.807149681761204538e-08 -3.550698916804038014e-05 1.218571675786590813e-02 -5.299452798011377030e-01
1.643701998601702736e-19 1.659331641458033257e-15 -1.045985742211513123e-11 1.938437820669759029e-08 -1.639565527063913225e-05 7.324703288924798265e-03 -2.760235274154770879e-01
1.137110339577979205e-19 -3.727185942317706932e-15 2.044371378532645985e-11 -4.220901266257042806e-08 3.419619803492652692e-05 -7.260220043231969608e-03 3.400362966987091062e-01
-1.555370537309651617e-18 8.251619876539210201e-15 -1.215705059653959343e-11 -6.383476544605640588e-10 9.641610714167313411e-06 -1.725076062996134868e-03 9.874467851660012618e-02
4.149601718904348102e-19 1.936941061884416811e-15 -1.658758617283124332e-11 3.385910497373939389e-08 -2.881799824382232217e-05 1.096430280109689064e-02 -4.643461149703745905e-01
8.735945865508658825e-20 1.780199429365659315e-15 -8.281213900850303542e-12 1.133746836724183089e-08 -7.054993696237915679e-06 3.947137198728491864e-03 -1.710352773677089322e-01
-3.919881613266322804e-18 2.663541548304758982e-14 -6.652559210659120804e-11 7.520964854250364206e-08 -3.985345139888327133e-05 1.065795113405697617e-02 -4.358919319551345373e-01
1.121782708086518917e-19 5.520189981461490922e-16 -1.375934980601275145e-12 -3.128351546531629970e-09 5.591233879689885157e-06 8.299396234623196910e-05 -9.925644036879188031e-03
1.753001293650887348e-19 -8.291341938388221480e-16 4.378871235447703718e-12 -1.208343226402262321e-08 1.095698451745619832e-05 -8.255408333994442233e-04 2.807401343855049289e-02
-7.214305745619930995e-19 6.926634598243750550e-15 -2.228005889666855074e-11 3.183389875933205549e-08 -2.261030389429304980e-05 8.582496747175771129e-03 -3.155495115202550660e-01
-3.491499204845012111e-19 5.604643036541419753e-15 -2.255938227437982502e-11 3.737480782560858907e-08 -2.892579921594088960e-05 1.054695214262565614e-02 -3.999030789288982590e-01
-7.212199439489671120e-18 4.650222678075335318e-14 -1.112495005745475682e-10 1.211422829329728350e-07 -6.085637387213598340e-05 1.425311631376289558e-02 -6.310355491173839093e-01
6.318648928684895308e-18 -3.760083991278011686e-14 8.582454016837075671e-11 -9.337326334456250720e-08 4.636163445304786375e-05 -6.326016529122847377e-03 2.233516903692420452e-01
3.588983978092941351e-18 -2.336187526934935004e-14 6.119035662176426237e-11 -7.983462607609722136e-08 4.891503969542794960e-05 -9.106968845968605938e-03 3.681089945821287013e-01
-5.908706052131496360e-18 4.185041452362368064e-14 -1.114838141590106389e-10 1.383615116350894532e-07 -8.118863995775384547e-05 2.074144964893347848e-02 -8.072684906009923722e-01
2.074653724936149224e-18 -1.101956954108154111e-14 2.364186099684551136e-11 -2.708847164192022193e-08 1.529942955063077638e-05 -1.320659868138361181e-03 8.525059578834524865e-02
-2.294863578658082487e-18 1.358906807780847114e-14 -2.667431807523036241e-11 1.754236869115540695e-08 -4.648006489566165653e-07 2.060529943279292638e-04 3.086212876046075942e-02
3.166431192423390012e-21 5.466823631825723204e-15 -2.703753349550069223e-11 4.750788194532186571e-08 -3.690270646569693698e-05 1.301056245883234347e-02 -6.506998189562240853e-01
-7.356477606263396069e-18 4.739608638108350327e-14 -1.138586483092327896e-10 1.254217588985166871e-07 -6.427485690616570964e-05 1.509352828257019656e-02 -5.713192597855333288e-01
-5.644477305041065622e-19 4.602216397986314925e-15 -1.091905909446217202e-11 8.089749825816281736e-09 -1.040097220607419479e-06 1.635195749170164151e-03 -3.333196886103368534e-02
1.132031000449495591e-18 -5.456949736584542797e-15 1.118694007277585435e-11 -1.384715076076215819e-08 8.439801262916464861e-06 2.531445574648066442e-04 -1.830894429085508368e-02
2.274084655456227903e-18 -1.122197259263417531e-14 2.060244686549180437e-11 -1.803536290545678534e-08 6.339067713778762184e-06 1.634493845238073209e-03 -4.769427531443662382e-02
1.761789008884030675e-18 -1.163968309843995821e-14 3.226993272264061711e-11 -4.572102402492174479e-08 2.970442501223037458e-05 -4.804540908815034886e-03 1.854394487478289999e-01
2.485445110777342863e-18 -9.666477024862699338e-15 7.266606115194147097e-12 1.210819704003102348e-08 -2.051688233482618206e-05 1.001470691513264497e-02 -4.597142925230008337e-01
-1.830479664734210946e-18 1.461350136331489239e-14 -4.106132454981880420e-11 5.115056138552581006e-08 -3.021237046371043691e-05 9.443945573815700281e-03 -4.308431233972532803e-01
-4.011351492257713743e-18 2.897650496808781033e-14 -7.753552196199838999e-11 9.522998947741339137e-08 -5.504857584475569414e-05 1.457843758391135294e-02 -5.546019274568372293e-01
-1.051411907879794970e-18 8.121451149809912972e-15 -2.115623004395617683e-11 2.294259882457441454e-08 -1.162202492309031632e-05 4.604086456958702937e-03 -1.567226666824330095e-01
3.709420575587464493e-18 -2.333404443274381522e-14 5.840110100378779795e-11 -7.222385870066865809e-08 4.150067854387270690e-05 -6.649851164008669518e-03 2.513521091127999818e-01
2.087645419676403554e-18 -1.172020983964862835e-14 2.641080555521752298e-11 -3.050511963456730135e-08 1.628433311222990669e-05 -1.009258709237963354e-03 5.127105146153405207e-02
2.608061621658018573e-18 -1.591184310185115171e-14 3.977553727171421284e-11 -5.108012004028076099e-08 3.117618699668168325e-05 -5.039453089625152947e-03 2.057850506309521765e-01
1.570124797797156666e-18 -8.371596461589893580e-15 1.863437177474184100e-11 -2.288667501240837162e-08 1.362769194304537564e-05 -9.625124313354478309e-04 6.676406043719670946e-02
2.314979525307859235e-18 -1.478298916665756260e-14 3.797246782014608924e-11 -4.866253698826840016e-08 2.873506504025845917e-05 -4.204078648746786308e-03 2.188905984696900842e-01
-1.133728855760539507e-18 8.902038288880223880e-15 -2.414156970923845868e-11 2.839457746310696032e-08 -1.624622172397734019e-05 6.101208684329021727e-03 -2.501241505471583082e-01
3.604721295834886076e-18 -2.140676174703982910e-14 5.041377519227810595e-11 -5.899252196809532356e-08 3.204485323598567646e-05 -4.125012399086956140e-03 1.095221810668486062e-01
-2.617632931567518166e-18 1.924368891405794972e-14 -5.169933173712403246e-11 6.315633614020356797e-08 -3.681659295932167302e-05 1.077298090796032642e-02 -4.217116999833195878e-01
1.780854262846093600e-18 -1.358529279733964135e-14 4.203468293461777483e-11 -6.356046084283184493e-08 4.344351419724819312e-05 -8.693066577877155143e-03 3.890417257920668059e-01
-1.898844147951315323e-18 1.439955048862097112e-14 -3.839018482685542615e-11 4.455381089150224525e-08 -2.380699409206140675e-05 7.180633323962314074e-03 -2.961015236448555354e-01
-1.861939969605472250e-18 1.276803090097444513e-14 -3.050534837697861010e-11 3.031926231040379230e-08 -1.296155986780848439e-05 4.142208061085950188e-03 -1.166718135227591685e-01
-2.350717165630567171e-18 1.754414502306866126e-14 -4.730547368180416282e-11 5.747844127291950663e-08 -3.333776856567435571e-05 1.007175508148349177e-02 -4.390909871062789738e-01
2.611043981903626270e-18 -1.679034596260512273e-14 4.451577312545119516e-11 -6.021293243069858783e-08 3.847303782563691227e-05 -7.132017712073735957e-03 3.241320968273319614e-01
-5.772383171709555594e-19 6.506543423343143993e-15 -2.105275305231586871e-11 2.775189823448898124e-08 -1.721598039955467163e-05 6.512801793419173597e-03 -2.789556832505687423e-01
1.768340830196534281e-18 -8.606801165056460291e-15 1.624095391347790158e-11 -1.598384859593263789e-08 7.058236842011942375e-06 1.245939007270849231e-03 -8.690876562378324621e-02
-1.480197248201112698e-18 1.353269601836476620e-14 -4.309462313758441785e-11 6.160026191936990789e-08 -4.178019079639050366e-05 1.308289694176510524e-02 -4.766904029784608254e-01
-2.459712276585444398e-18 1.823328036311788858e-14 -4.882707644153380477e-11 5.875834723515929271e-08 -3.349939744453963312e-05 9.899687968502001584e-03 -4.210686571541379930e-01
-5.270429162152962339e-19 7.294009652423232823e-15 -2.735729462885468214e-11 4.267218720640616974e-08 -3.109796921487560396e-05 1.084572631283031545e-02 -4.273459752820676916e-01
3.782284373695129320e-18 -2.052557689845233369e-14 4.255807341857514095e-11 -4.252639102153584114e-08 1.899420318975116894e-05 -7.271978705515033453e-04 -4.979958372360831879e-03
8.710879801232210443e-19 -5.679163086723720249e-15 1.699902601931099934e-11 -2.733052761365923674e-08 1.957583369113014341e-05 -2.791793851802769257e-03 1.175098515859026166e-01
-1.008146515552750853e-18 5.727556605184967517e-15 -8.563986712586061786e-12 -1.714036124290586139e-09 8.647741161722361490e-06 -1.243076978157791604e-03 5.398826769267370956e-02
-5.213804405273960427e-19 9.023079710912265507e-15 -3.617012287347176141e-11 5.830080180752496800e-08 -4.240018181880569870e-05 1.373183225171727660e-02 -5.734221856553839425e-01
2.704629921582464959e-18 -1.863228070833948544e-14 5.163484695062440030e-11 -7.047513826522073141e-08 4.415309432737466919e-05 -8.014610958398196011e-03 3.446538268469451771e-01
-1.085128034127167108e-18 1.092858260590192292e-14 -3.598129160986038445e-11 5.172951328627829723e-08 -3.521165920905379090e-05 1.160937130940993892e-02 -5.057953552135532327e-01
1.324563049232723220e-18 -4.908383402120933476e-15 4.924701436530523552e-12 -1.769969294304166727e-10 -2.860450015762160692e-06 3.462264120103644097e-03 -1.479862290736378427e-01
1.591488115061368701e-18 -1.137063610612618850e-14 3.407967035401136606e-11 -5.138631659836300232e-08 3.525341210181438665e-05 -6.647777371048539663e-03 2.915338921700454944e-01
-5.891318311630658926e-19 7.121660392171314171e-15 -2.413929027281483922e-11 3.340787605141615452e-08 -2.141180877147687560e-05 7.524121694728269638e-03 -3.032511086671529910e-01
-1.319377353695252749e-18 1.242774416500914951e-14 -3.965075624427704958e-11 5.589065254784874303e-08 -3.725878108413387628e-05 1.192205490349960637e-02 -5.227960861933413916e-01
1.483286001560012820e-18 -6.554082358056415314e-15 1.021292028945540391e-11 -7.229680045970300118e-09 1.082333803400139750e-06 2.651325404680938448e-03 -8.468804888372410966e-02
-2.658847851753183930e-18 1.863685713492561219e-14 -4.801515998661564613e-11 5.645683172397710211e-08 -3.214178916200315664e-05 9.725820083069196959e-03 -3.842302717602202877e-01
1.376087393347090757e-18 -7.789824118056968619e-15 1.957709614087327773e-11 -2.781769770457771604e-08 1.903553921571412221e-05 -2.701236922022969781e-03 1.111202083802601687e-01
3.824566296374404308e-19 1.503590281353112198e-15 -1.237071662097220485e-11 2.275404561310517906e-08 -1.757331825278473758e-05 7.105968706740324083e-03 -2.744173437571978957e-01
-4.473928382286066028e-18 3.196483013817138409e-14 -8.641873086675660454e-11 1.098714701785853057e-07 -6.725558570403393055e-05 1.847781573087099033e-02 -7.431211794704987161e-01
7.133438949767640532e-19 -4.036367160370450137e-15 1.085599393399365239e-11 -1.685040303114245151e-08 1.138065696009803801e-05 -3.517299863117615997e-04 -1.751329558955510776e-02
9.866058750767506521e-19 -2.379698715606915491e-15 -3.940148618138464059e-12 1.652564382614502931e-08 -1.835772012443874206e-05 9.026026749496015092e-03 -4.823545661998867584e-01
1.187110281441011481e-18 -7.472645430277717382e-15 2.063137575544875346e-11 -3.057811814328859535e-08 2.105239981388742570e-05 -3.276260033679478934e-03 1.807525511070737223e-01
3.297169764636933152e-19 3.833796759030597911e-15 -2.680031157174648886e-11 5.571383643395788761e-08 -4.861014252751087484e-05 1.731022664720499940e-02 -7.866325725277750758e-01
4.646793845391228066e-19 -2.131709619767529940e-15 4.959964016312891957e-12 -7.910055726764297832e-09 4.997800256296653710e-06 1.301337585906405707e-03 -5.817461372472199771e-02
1.469725245855450727e-18 -6.416188557680383795e-15 9.487577362435408363e-12 -5.284866690039332966e-09 -1.338502063063204692e-06 3.799225386850479860e-03 -1.852581765462043284e-01
-2.863423005687395207e-18 1.826573146245707062e-14 -4.106359326404783686e-11 3.813139192882185441e-08 -1.403559991505427929e-05 3.554789111046802869e-03 -9.924695384105867990e-02
-3.724238093779713273e-18 2.631406605954259672e-14 -6.952011892352254498e-11 8.523040008939856841e-08 -5.006525986820926330e-05 1.381212409669856957e-02 -5.082263409305546320e-01
-9.038046797581421394e-21 1.935694426019491635e-16 2.347265275925102209e-12 -1.053308267976495098e-08 1.086877014753073331e-05 -1.091835933906362384e-03 4.337153779439653634e-02
5.168695150130952466e-20 -2.041020770927921740e-15 1.236626523309329187e-11 -2.736757336662439746e-08 2.288378610581242749e-05 -4.330014035504403322e-03 2.322222027136078004e-01
4.506604373306277449e-18 -2.839676309515636229e-14 7.069850154869752152e-11 -8.653143388827194219e-08 4.964185219286670366e-05 -8.634502053192407572e-03 3.571784416463028577e-01
-1.974637927759671071e-18 1.601708791436023902e-14 -4.729734956722691266e-11 6.404108941720436038e-08 -4.170568497594987688e-05 1.285189740400268302e-02 -5.074581084579975476e-01
-1.088112404342848809e-18 1.062259735389692157e-14 -3.389782749825748925e-11 4.668621047282108960e-08 -2.999434613094064571e-05 9.603020016806433287e-03 -3.771683414543889890e-01
8.522187591733930406e-19 -5.202018571736434641e-15 1.485647513352072704e-11 -2.352429036257999618e-08 1.660411273320708971e-05 -1.922798887974530363e-03 8.226598107702784435e-02
1.914951015925055433e-18 -1.417903104791678104e-14 4.323071525846342110e-11 -6.536246804302767580e-08 4.522558625821322128e-05 -9.379573715615568963e-03 4.167547837526570653e-01
-1.004173219906757962e-18 8.007086690120141462e-15 -2.075043495385903676e-11 2.153807749672559620e-08 -1.006993198973205397e-05 4.290286775302064662e-03 -2.237845129069920280e-01
6.729754349087468227e-19 -1.761416981633224176e-15 -3.797391375172733653e-13 3.500475494087115395e-09 -3.833774841831471406e-06 3.565145000721195272e-03 -1.603183738781992773e-01
1.093420418009473439e-18 -5.505200454497495126e-15 1.235654610898879689e-11 -1.693074579980566838e-08 1.142984891061093860e-05 -7.710628886184084417e-04 5.395262535703720247e-02
2.188975068135935084e-18 -9.261881510370334165e-15 1.162364576421754849e-11 -1.771899704546037780e-09 -6.346366510894419130e-06 5.257566133007184235e-03 -2.262345476544488643e-01
-3.291490395857307895e-18 2.423663063678157396e-14 -6.538005085094211345e-11 8.020183410200095073e-08 -4.628554007161573311e-05 1.274520756423552434e-02 -5.488631456609598391e-01
4.384029128524889148e-19 5.163519674641500580e-16 -8.023091430776806761e-12 1.479713495690150957e-08 -1.111216148162109752e-05 5.186561898333700953e-03 -2.147280793325076209e-01
-1.691133735825608289e-18 1.542376672304268617e-14 -4.799179145924063400e-11 6.566240058291279237e-08 -4.166633866103290287e-05 1.239289450425876994e-02 -5.489198625550291144e-01
-1.332845904518430788e-18 1.134211056421670206e-14 -3.359154301442675627e-11 4.422021176828117668e-08 -2.796076040716851644e-05 9.229067204656623766e-03 -3.626362936712547169e-01
4.763900067531496795e-18 -2.869706828267041193e-14 6.753187816140908101e-11 -7.760711382872695159e-08 4.161780971719340587e-05 -6.310932360867268359e-03 2.661308799646547874e-01
3.975442709307679361e-19 1.373324299627249431e-15 -1.294793027781262199e-11 2.635380889601566545e-08 -2.284299631645295961e-05 9.516056777012268930e-03 -4.538776323142910685e-01
-6.300016482560788154e-19 2.880222748251969814e-15 -3.355935012816740386e-13 -1.319070673264734766e-08 1.651013184837633592e-05 -3.525417249208391644e-03 2.040329882894318936e-01
2.407172173984376187e-18 -1.457273490502672379e-14 3.571169828776051222e-11 -4.435649877434579116e-08 2.562889690544178152e-05 -3.350943756284547898e-03 1.654854711106469589e-01
2.802327970233058962e-18 -1.721194868284306989e-14 4.309063446240356629e-11 -5.493452652601730338e-08 3.301889648745129195e-05 -5.231254006133560959e-03 1.988946812476005410e-01
-2.857750246751791404e-19 5.787484949036055183e-15 -2.306556717343960316e-11 3.609281608252571719e-08 -2.637577424177398229e-05 9.878566260469267765e-03 -5.032562009544743198e-01
1.005195652573666194e-18 -2.104587648257504253e-15 -5.501692132432741831e-12 1.883177665623591141e-08 -1.902327459834078085e-05 8.579051617683807612e-03 -4.005472407561686543e-01
9.241383867202721979e-19 -1.183359154619208478e-15 -8.517764549377690830e-12 2.269634083015298622e-08 -2.077361198531554539e-05 8.607950250747772869e-03 -3.459811145745838035e-01
1.854735343908101776e-18 -9.193205335118579401e-15 1.651413186235134649e-11 -1.281080819661809004e-08 1.802292682517263554e-06 3.473660578300212780e-03 -1.893708386411731559e-01
3.092448923352683406e-18 -2.023598950757296074e-14 5.359697310928877475e-11 -7.108573594238921353e-08 4.430628891961213101e-05 -8.285507922504389833e-03 3.610432424559162357e-01
1.196884538906464442e-18 -4.833960063273257779e-15 6.418774963157593804e-12 -3.528898203094179437e-09 -4.186962193391129818e-07 2.860943324459264483e-03 -1.091818278536463016e-01
4.159536895039146709e-19 1.551991655149681721e-15 -1.430640308962208529e-11 2.913915439109189344e-08 -2.485493304105718292e-05 9.759541162017295463e-03 -3.595944512267329474e-01
9.134954799594049672e-19 -8.922172922778562022e-15 3.352645814227298141e-11 -5.788579865218371298e-08 4.282040915087644825e-05 -8.913930370115502946e-03 3.778820926393098856e-01
1.267342504834484603e-18 -5.834846143552506153e-15 9.751296219105163303e-12 -7.552868777720117909e-09 1.196457683528825348e-06 2.745404970819822002e-03 -6.897706391764729661e-02
2.199189497996704621e-18 -9.406252974926640285e-15 1.117498091767419026e-11 1.355454847686556569e-09 -1.069172808470361108e-05 6.980740700949971712e-03 -2.979983152085804998e-01
2.549414429190058980e-18 -1.594931346408390903e-14 4.075639536158739647e-11 -5.300049169225435124e-08 3.245496068636689489e-05 -5.337757355984523375e-03 2.370742075281237204e-01
6.929205632298212943e-19 -4.133882056896066292e-15 1.238699394385353123e-11 -2.121698793838373983e-08 1.583255174050660839e-05 -1.804710962721008984e-03 4.039403966927609252e-02
2.350725410609462327e-18 -1.604496911180566499e-14 4.506945877978656563e-11 -6.371941020360629381e-08 4.196723838137252305e-05 -8.193702768511702816e-03 3.727199289530841453e-01
1.288756096973834202e-18 -6.880333583226136275e-15 1.594705265508992050e-11 -2.097840756908577421e-08 1.304420233044245546e-05 -7.666349552375373777e-04 5.088076650359781711e-02
-2.268423812555382648e-19 5.660933206408853987e-15 -2.434691837753054350e-11 4.081006842622701346e-08 -3.139868324381244526e-05 1.138713809421111611e-02 -5.121958562704550522e-01
-2.470861340384226369e-18 1.798389285987977357e-14 -4.840111808488039025e-11 5.994061321171656635e-08 -3.590685828012841731e-05 1.084068019967238464e-02 -4.477527421563469723e-01
2.585860120895147895e-18 -1.080173034299495109e-14 1.214423849020295876e-11 2.783052249993058005e-09 -1.282477437893847484e-05 7.880634965976397038e-03 -4.033062502159335261e-01
-1.489295197118631267e-18 1.230854642564477137e-14 -3.556144904848565117e-11 4.574851494855309399e-08 -2.847316153025954231e-05 9.520399876631462435e-03 -4.475670581065985809e-01
-5.928457142239638165e-19 7.421384474934141839e-15 -2.561593560752778371e-11 3.613603189214569711e-08 -2.368445922600326202e-05 8.358348350151386871e-03 -4.023641296261615263e-01
-1.902079287230381897e-18 1.383362757095338531e-14 -3.590123176840335528e-11 4.138541257275961117e-08 -2.313483961031324664e-05 7.768559200561447192e-03 -3.597464950033494868e-01
-1.329555416100964778e-18 1.279021046180601494e-14 -4.197646885346774359e-11 6.146204307219860873e-08 -4.276201717943060914e-05 1.379226138721594171e-02 -5.959433696882684428e-01
4.177612923631438522e-19 -1.670918804115497757e-15 4.262274741692976991e-12 -9.309177832400872656e-09 8.624334040685338148e-06 -6.902207066008929923e-04 1.002468421693591266e-01
2.606725609725068829e-18 -1.460649121452436914e-14 3.210939036579027504e-11 -3.516957582863767809e-08 1.764268827155289143e-05 -1.085447435512952759e-03 5.638589802668824563e-02
-1.430792081885124925e-18 1.035744065294507455e-14 -2.530889307313675242e-11 2.475544077505230937e-08 -9.844398402119199619e-06 3.388128975444390859e-03 -1.052522749249274747e-01
2.806108408355728049e-18 -1.722989249614557824e-14 4.270925152946051376e-11 -5.349460989803753382e-08 3.153663282355212986e-05 -4.855940007499404305e-03 2.016373923861076167e-01
-9.583060494822280918e-19 1.081700474573797660e-14 -3.824316330036643038e-11 5.849860304508955805e-08 -4.192118321837542884e-05 1.382484415994699595e-02 -6.398341276999459648e-01
-1.017431689388496905e-18 9.405411078568552453e-15 -2.887090440339243714e-11 3.853765581247321877e-08 -2.470435428049957952e-05 8.612879521074860711e-03 -3.839595525602615411e-01
-8.631721488992496635e-19 9.152115924552574708e-15 -3.304060182228128738e-11 5.366537000171953969e-08 -4.169744098492337301e-05 1.452583295030876985e-02 -6.118438758512850795e-01
2.692476664297391968e-18 -1.624202957692024231e-14 3.988393775654809956e-11 -5.010158959585265118e-08 2.983175304986436475e-05 -4.543943390492044890e-03 1.881145132584027546e-01
8.541710955932897854e-19 -3.686249121644268199e-15 6.395301520528624807e-12 -7.040288381099165988e-09 3.633847359399320766e-06 1.502679675913175293e-03 -4.370417643363336269e-02
5.137432039728069686e-18 -3.065547097324888751e-14 7.103275608546033346e-11 -7.985722462669074978e-08 4.166519228744885051e-05 -5.993903697558803333e-03 2.125210510551047427e-01
-1.264019898995715748e-18 1.188938125605436201e-14 -3.745825845865483627e-11 5.162916124114903632e-08 -3.343733173927263371e-05 1.059433032876025936e-02 -4.182207237645120257e-01
3.276922125967007935e-18 -2.273955472637885316e-14 6.299793914562180730e-11 -8.542029121514045595e-08 5.333663202027033302e-05 -1.013271210396660821e-02 4.190094221861586088e-01
-1.502502542466779762e-18 1.220172524034107470e-14 -3.433906461673368681e-11 4.242621865436433387e-08 -2.502317607703415906e-05 8.230595886640209441e-03 -3.348313459808923698e-01
-1.812329964135297108e-18 1.224564926123479829e-14 -2.838922751496301708e-11 2.620404433194453419e-08 -9.149005587399756384e-06 2.783210340111431143e-03 -4.979062725505745829e-02
3.035850580628506166e-19 2.272180824259528635e-15 -1.500616987790084970e-11 2.685870683801550869e-08 -2.058907088216986651e-05 8.096367016218271664e-03 -3.976884572836466569e-01
-8.876025514152830497e-19 1.022673500657909710e-14 -3.565857946515957934e-11 5.281010851545336595e-08 -3.630221405792301092e-05 1.182627038986864935e-02 -5.252351682354834406e-01
1.404959539808119696e-18 -6.875921254144128206e-15 1.333287290979036107e-11 -1.375354735255819409e-08 6.027245006141895454e-06 1.542492579075088787e-03 -7.308755603777780663e-02
9.733894374445476737e-19 -6.673216231641663210e-16 -1.232649299452258208e-11 3.073260969538913410e-08 -2.748992256076718114e-05 1.058985561427069552e-02 -4.593792569640167689e-01
5.023327520161943455e-19 -5.184705626409863245e-16 -4.894123961520225584e-12 1.224603952309153291e-08 -1.180465937252535973e-05 6.218365215778750774e-03 -2.991722653784061881e-01
-3.524119576931692299e-21 3.620300465426795042e-15 -1.610236379815640085e-11 2.452720682091936289e-08 -1.666030050339394083e-05 6.554784362573088871e-03 -3.062804614889110266e-01
-2.419170789343494163e-18 1.586610520379711279e-14 -3.700010730399267360e-11 3.680658145891813831e-08 -1.621131555967503054e-05 4.907290329796879826e-03 -1.685400136723265441e-01
1.246937983148976979e-18 -8.643060966565548400e-15 2.547419347947050904e-11 -3.833993633848293265e-08 2.613212306639906823e-05 -4.362671811700268021e-03 2.160178003664150470e-01
2.760642306293112608e-18 -1.715201714382750688e-14 4.318364674087071112e-11 -5.493844265340079260e-08 3.277064780702409428e-05 -5.126168398065293792e-03 1.964725186810977464e-01
1.796339042770889324e-18 -1.059132822173310808e-14 2.666751077612850556e-11 -3.625717277536975808e-08 2.375373661318334011e-05 -3.760660474277269238e-03 1.687747743849326298e-01
-1.241495170834057516e-18 1.084093870236541918e-14 -3.238960051813956952e-11 4.269185971548000953e-08 -2.716102649215568088e-05 9.293676979127522830e-03 -4.453246391838195373e-01
1.408231678976019901e-18 -4.499973881028836064e-15 3.297131775644847995e-13 1.126807168164243533e-08 -1.366348016278897091e-05 6.859241282984235299e-03 -2.702406401726921703e-01
6.204830346893406629e-19 -2.184432981374351137e-16 -9.586685980623522687e-12 2.459668008659279930e-08 -2.404891456134660083e-05 1.033352242349688289e-02 -4.560799644783877227e-01
3.197517083083605063e-18 -1.598389720306268991e-14 2.790647545926561501e-11 -1.885321422859136777e-08 5.478529411122974576e-07 4.802880833857639878e-03 -2.769768986574053238e-01
-4.937733230590679730e-18 3.300950670758183055e-14 -8.166914801494949311e-11 9.204351057891073882e-08 -4.846827087501236593e-05 1.229190882577297847e-02 -4.808472194096122809e-01
4.429794435962413832e-18 -2.865072256126249200e-14 7.314112356121363811e-11 -9.128078345329635432e-08 5.295372599553856770e-05 -9.324936466884856112e-03 3.707804162932105685e-01
-2.341744896681016217e-19 1.478561407060163751e-15 -5.357233519446100148e-13 -7.293396998701975296e-09 9.039965102966787832e-06 -7.113826025685722823e-04 5.260367513399136913e-02
1.296942757448934207e-18 -3.648631334618380691e-15 -2.824806829885690328e-12 1.743218756121009022e-08 -1.940679102000486566e-05 8.902770889221135048e-03 -4.122661848419894581e-01
2.920928244475650293e-18 -1.895422794429353317e-14 4.983615785763599781e-11 -6.567805564709586442e-08 4.049093025983078293e-05 -7.186860073743467706e-03 3.009317538936016612e-01
4.060845805456018183e-19 2.440003070397360724e-15 -1.786590295719849780e-11 3.369696619554017274e-08 -2.671795819602219334e-05 9.963807435518020825e-03 -4.508174312019997410e-01
2.497812687123358763e-18 -1.058643946491742855e-14 1.271851831377106444e-11 4.254830125266314332e-10 -1.029707642987861880e-05 7.007715099062507627e-03 -3.674334180521470761e-01
2.665158857720207685e-18 -1.847703707458706436e-14 5.186949292845201354e-11 -7.208554258365373736e-08 4.622002550960871572e-05 -8.803581010883585259e-03 3.805699752815361880e-01
8.561504351519200240e-19 -2.462877460644337210e-15 2.351172466651007869e-13 3.913265585012596048e-09 -4.515977910382666786e-06 3.757653108960117960e-03 -1.699451734157851612e-01
3.828529266009770829e-19 -2.844331038527486225e-15 1.139203714200527390e-11 -2.327484570717145449e-08 1.920505142175068380e-05 -3.124624118693422169e-03 1.204892343060965237e-01
4.247250941678842826e-18 -2.724606926887305533e-14 6.927250230924410245e-11 -8.663740231799047458e-08 5.067340214318360867e-05 -9.003872889332180385e-03 3.604682524121140541e-01
-1.354000829084806142e-18 1.099458760633932083e-14 -3.037502600212717955e-11 3.608385855117248662e-08 -2.032548694196681654e-05 7.085651478868560359e-03 -3.728228654169288281e-01
4.013839759762396004e-18 -2.435475361201029145e-14 5.826122726040235536e-11 -6.877586915743504383e-08 3.807332452568140593e-05 -5.868475047891597539e-03 2.519242723201103318e-01
3.083587548056072295e-18 -1.873114233777499462e-14 4.595068543473024606e-11 -5.702132847948555555e-08 3.333774336085252416e-05 -5.076002221143161540e-03 1.708142142687647247e-01
7.600766314315001975e-19 -8.827071059924159390e-16 -6.714013598645736955e-12 1.663796416072166114e-08 -1.469667156086677263e-05 6.659551353293794058e-03 -2.584224132347839875e-01
1.049811838613103739e-18 -1.237249146762185588e-15 -1.108341342032409894e-11 3.021877478249858058e-08 -2.845792115463760931e-05 1.132337515604837745e-02 -5.115176587090372040e-01
-1.675698501367197858e-18 1.579431033859761515e-14 -5.125161370476723743e-11 7.405350921343159166e-08 -5.001470715422854496e-05 1.519669179238146255e-02 -6.896920402670412287e-01
2.083762828411606598e-18 -1.289649995491930626e-14 3.292162349427736866e-11 -4.310838644961601570e-08 2.623047587990049269e-05 -3.686167360469195034e-03 1.470893953589726411e-01
-5.183127581483962250e-18 3.290496061437686420e-14 -7.683773995921723366e-11 8.042359820399826717e-08 -3.832978023845827942e-05 9.228507699757112007e-03 -3.550000705174063964e-01
1.598400818128602092e-18 -9.589866638818108457e-15 2.470548075598374851e-11 -3.397522078082426833e-08 2.172728419304000542e-05 -2.788213698097911399e-03 8.146939662296229234e-02
3.425693105520679511e-18 -2.262170250147624146e-14 5.958721311412790385e-11 -7.723906916851019679e-08 4.631875158259021697e-05 -8.118530322037046873e-03 3.256756996949938254e-01
-1.705992326062068574e-18 1.182617766427893976e-14 -2.865776152786278863e-11 2.943808439405998532e-08 -1.399121811935313243e-05 5.086684134205069971e-03 -2.402511182740660889e-01
-2.499063667436760644e-19 3.134712925088720697e-15 -8.520493191397045775e-12 6.449525581017747636e-09 -6.345240770233679575e-07 1.672999633359454176e-03 -5.595315627953831999e-02
-2.248823236208037549e-18 1.318706076756275035e-14 -2.517386934582899475e-11 1.493496981940237958e-08 1.442259003661515138e-06 -1.993903598815205804e-04 3.053168215526784815e-02
2.000632769674639108e-18 -8.889677794584337480e-15 1.202714665627389048e-11 -2.207928764396963025e-09 -7.657961531553020710e-06 6.468136993413016109e-03 -3.702565839828130811e-01
2.666218778462458248e-19 -1.284958766628400951e-16 -1.502524069481509450e-12 1.039892366133688773e-09 -5.376444572874239647e-07 2.662484617604640724e-03 -1.316063115452558163e-01
5.053430605777489176e-18 -3.507286389872130165e-14 9.582289853840352834e-11 -1.267620291310179774e-07 7.763449836302154113e-05 -1.559031178482557164e-02 6.587882735233030473e-01
1.595948744949109094e-19 2.624268010317746375e-16 -1.967391244465055505e-12 1.415356309166103367e-09 -9.417781420154651704e-07 2.827078652946379920e-03 -1.276120811950544054e-01
-4.157440391234927734e-18 2.738557315693904222e-14 -6.581649376927101306e-11 7.043508847973494699e-08 -3.445219061428196231e-05 8.852467306776001452e-03 -3.809726075305089887e-01
-1.445817365579108406e-19 4.670282417955576433e-15 -2.151032444201903845e-11 3.855365012063711565e-08 -3.215856350381661276e-05 1.246236127459414249e-02 -6.066334390205804228e-01
-3.635708878566459353e-18 2.299883991937802462e-14 -5.174519491091584126e-11 4.887687936193948719e-08 -1.864663767489752584e-05 4.257498713262919399e-03 -1.460882820894525980e-01
4.601176060328153317e-19 -9.593262120045731324e-17 -4.746880709698642260e-12 8.120124848319275052e-09 -5.525578201934070767e-06 3.611130593545803374e-03 -1.514463474831111711e-01
1.549332784736006136e-18 -6.475987586513064585e-15 7.952011678387615930e-12 -7.081531078391241140e-10 -5.840700576329153841e-06 5.191484422260375653e-03 -2.231145423629828928e-01
4.627647052889829686e-18 -2.876219849045243591e-14 7.036262742374348395e-11 -8.430494814817963557e-08 4.705700819850565635e-05 -7.671901436621562757e-03 3.051941973616234538e-01
1.265969752267049481e-18 -4.319677062591590056e-15 6.171201936343389161e-13 1.203052683093315689e-08 -1.621150204021812148e-05 8.200752435222230172e-03 -3.194409449533385237e-01
-1.916396317390966921e-18 1.145521094566888547e-14 -2.222606919533788039e-11 1.349883988022759830e-08 8.406244985538053648e-07 2.475291767314266611e-04 2.229623618059636131e-02
4.004921496797242892e-18 -2.077800948065393676e-14 3.726363979434076308e-11 -2.463573014717085260e-08 -5.916817877931731782e-07 6.186679635581044008e-03 -3.321928055237930444e-01
6.198141556154233593e-19 2.327845338667868438e-16 -1.025285656678191097e-11 2.219348248449802541e-08 -1.898335252933648328e-05 7.993949870029350840e-03 -3.308584463769365658e-01
4.194655989917190340e-19 2.609176368538331255e-15 -2.015405461820187751e-11 4.057849996554117938e-08 -3.423156509165024928e-05 1.262682350601441843e-02 -5.617754930229640342e-01
1.860698290361660817e-18 -1.196706959422429404e-14 3.251016803244812999e-11 -4.579165419167452935e-08 3.008404195256987869e-05 -5.118724587622471359e-03 2.077280437113179778e-01
3.901793402142219271e-19 -6.088438044879726266e-16 -9.433118847358865456e-13 5.714523474400426304e-10 3.303031006934152192e-07 2.038426838864116058e-03 -8.523352955011880006e-02
2.229684104291712540e-18 -9.600477441915556841e-15 1.088669697859243684e-11 3.939870733378539501e-09 -1.444333692180956259e-05 8.605399625328521290e-03 -4.102686393085133165e-01
-5.683758514458182567e-18 3.591874264883554417e-14 -8.343822877762823805e-11 8.690663741399650359e-08 -4.129687952741523934e-05 9.873085955765012467e-03 -3.847477375420420009e-01
-1.134100102551008445e-18 8.129871275238022484e-15 -1.957399240480687665e-11 1.867807717488948165e-08 -7.496802710993715164e-06 3.213979560458236732e-03 -8.995578880038489211e-02
4.325969866563208701e-18 -2.836199648039368144e-14 7.366262844503516284e-11 -9.371412805825947110e-08 5.547704040613018084e-05 -1.012522276026224695e-02 4.138929379632899086e-01
3.797399937338747153e-20 7.463055322370543271e-16 -1.566597805228145737e-12 -2.312356633955065402e-09 3.894371818073733776e-06 9.990510971621695182e-04 -4.312700773628038581e-02
1.268713867689890425e-18 -9.579949352641802002e-15 3.062727014767885800e-11 -4.884726578760881716e-08 3.491289305847335752e-05 -6.832684628247658216e-03 3.007916983004004230e-01
3.682305076342203527e-18 -2.304552091344215082e-14 5.745483816079642811e-11 -7.113547594851871480e-08 4.138507668122073761e-05 -6.986371546460903338e-03 3.023871189044780583e-01
2.598816603918058392e-18 -1.601379960762544198e-14 4.035135718284786376e-11 -5.204874186518172522e-08 3.187290761133190477e-05 -5.275366184272794155e-03 2.356324091732097115e-01
1.730098757302562993e-18 -1.097283013936252430e-14 2.967992703129971731e-11 -4.200168288994636180e-08 2.766801034666828199e-05 -4.507905889792770265e-03 1.860685598469382640e-01
1.303608200959539459e-18 -2.782161755877795812e-15 -7.948696224000410481e-12 2.827875882336738629e-08 -2.927012293029524211e-05 1.227550409167070186e-02 -6.136397868813265877e-01
-2.754212664726084691e-18 1.823636683259437649e-14 -4.367401394108532739e-11 4.619512628585680959e-08 -2.287924163511013354e-05 6.947785186893260141e-03 -3.181752329202983121e-01
-1.274530516658877224e-18 1.229895790138131454e-14 -3.905888084809024409e-11 5.385182741815980337e-08 -3.476741775319582017e-05 1.102829399892202300e-02 -4.903506372519328416e-01
2.663866269315257383e-18 -1.627266191424237571e-14 3.978307706855677727e-11 -4.835095839825508627e-08 2.666656977586952330e-05 -3.000473261767688717e-03 1.113354401801502913e-01
-1.294002244927532194e-18 9.563022231729030980e-15 -2.466822413439389807e-11 2.767284697615230675e-08 -1.534373952024088383e-05 5.953870022137396946e-03 -2.367287300900357827e-01
-8.085208518888951611e-19 6.677202571148923886e-15 -1.753970628413781017e-11 1.788455541905351470e-08 -7.610788429216315590e-06 3.187483060248944792e-03 -6.329783475107057800e-02
2.807799759213381076e-18 -1.960873505278442036e-14 5.513766159021512267e-11 -7.643750067222218045e-08 4.896271892829096652e-05 -9.523557703026640578e-03 4.204558606275718979e-01
3.243502436636081350e-18 -2.035185173467448291e-14 5.122987323188384304e-11 -6.431949678946594884e-08 3.768158986746161852e-05 -6.070013144728391569e-03 2.576301614993435907e-01
-1.842783369071009796e-18 1.573065024912534977e-14 -4.691840049273577940e-11 6.214534698169972716e-08 -3.853085490318106879e-05 1.150319521194044514e-02 -4.908319178112424686e-01
-7.930693536010037195e-19 6.539035278349304526e-15 -1.703693361892836491e-11 1.710037040514607907e-08 -7.218042327470761520e-06 3.271158702118254300e-03 -1.159968762916094576e-01
1.641990147667743057e-18 -8.227770230649684483e-15 1.676593745784572379e-11 -1.860814417245925964e-08 9.435361678862491739e-06 8.096542694059888747e-04 -1.177511503245996932e-01
1.685526179430845445e-18 -1.043575140956598664e-14 2.731334921964515996e-11 -3.746866039271516641e-08 2.397030371493308852e-05 -3.493250884604097699e-03 1.522867809320213039e-01
2.826045128246367879e-18 -1.818829204251678893e-14 4.768850995333357654e-11 -6.303301496551675354e-08 3.904325587675959864e-05 -6.885890965901422626e-03 2.951100337393312012e-01
2.128402680850551138e-18 -1.362202146253621794e-14 3.592997794738261391e-11 -4.830074496555660789e-08 3.026288691734219734e-05 -4.931505335728411307e-03 2.356428322024878286e-01
-7.444589195115883918e-19 8.269874534928367079e-15 -2.831441358513205410e-11 4.164130793804057325e-08 -2.927650367979363883e-05 1.035801690402879047e-02 -4.605117171476308946e-01
-1.786525466730110989e-18 1.157039469088559872e-14 -2.566348760537217171e-11 2.255739697417091703e-08 -8.005285764012066684e-06 3.307759005861843089e-03 -1.624146402844873494e-01
-3.424984758632737447e-19 7.594554089807867772e-15 -3.278474479371318284e-11 5.568722102914801367e-08 -4.235152422661443066e-05 1.407525725155638063e-02 -6.044924664974313799e-01
-7.485664086309141269e-19 4.384775362756634473e-15 -6.305073897806963393e-12 -2.694613174049763287e-09 7.915811712781741752e-06 -7.292172194955320961e-04 3.687418713129747561e-02
-8.068964815513552766e-19 3.364850125295186047e-15 5.347278328568118145e-13 -1.714732433086287009e-08 2.045041016564055282e-05 -4.639772765103671731e-03 2.255336675358274312e-01
-4.378786943647015138e-18 3.149695082660832075e-14 -8.438408566154750120e-11 1.044092454218642109e-07 -6.106348205323202934e-05 1.612897931321786299e-02 -6.113355296435910580e-01
-1.278515674476336825e-18 1.043061816723007448e-14 -2.968030279509775435e-11 3.748787855906618216e-08 -2.311958308631251318e-05 7.994880095199000808e-03 -2.706136392832375059e-01
3.438232058058750924e-19 -2.284401083309026957e-15 9.085347643894357465e-12 -1.938118580051394350e-08 1.649422306976994969e-05 -2.537288030424297153e-03 1.122259883619948495e-01
2.244522475610504735e-18 -1.328536243703483569e-14 3.203997709458933700e-11 -3.976758693807297109e-08 2.327337932421415849e-05 -3.000213966899579771e-03 1.482337707335431298e-01
-3.066643039844981178e-19 6.832409492888294314e-16 5.015659867495871186e-12 -1.870955445281760004e-08 1.856094075876209192e-05 -3.565321506656614868e-03 1.842148761114258404e-01
-1.376585993056143320e-18 1.142228843308269009e-14 -3.314559960065326853e-11 4.295440412390177436e-08 -2.714364803329461553e-05 9.238709869608736913e-03 -3.848560204119387818e-01
-4.625288821207968720e-18 2.928208422176317626e-14 -6.755528444815694531e-11 6.872560748344735666e-08 -3.112411950472860451e-05 7.447809561827181679e-03 -2.684669922496908945e-01
2.835975725880634891e-18 -1.789381391413567868e-14 4.581827397027595807e-11 -5.920356111132942566e-08 3.593173826177715612e-05 -6.036981798296620939e-03 2.589000551111778070e-01
8.688307780555730497e-19 -5.745767987641439061e-15 1.758141306572880910e-11 -2.878395822938956977e-08 2.092485163064728082e-05 -3.188229278017802679e-03 1.338452871537613720e-01
3.176747779641773232e-18 -1.978958433968384270e-14 4.941089020461584616e-11 -6.164591580746330445e-08 3.604648217420493484e-05 -5.815049849157531703e-03 2.679567220672228189e-01
3.117596383902858760e-18 -1.935448128808847353e-14 4.818766422697880534e-11 -6.003536139803835174e-08 3.504360398171001958e-05 -5.518748532913747389e-03 2.223116864310702989e-01
2.813456152662526738e-18 -1.707115236864415566e-14 4.195040676587680624e-11 -5.259376057444976807e-08 3.155907821161843633e-05 -5.229308276750491667e-03 2.568792194677905205e-01
-3.208610097837831419e-18 1.886787072618738725e-14 -3.774729530456328870e-11 2.784730462925012783e-08 -4.828873913530650227e-06 1.126324433164577069e-03 -4.582537957471274903e-02
2.021795788813520830e-18 -1.307147707503441454e-14 3.520548654685098894e-11 -4.869204147326244071e-08 3.152691284486109122e-05 -5.497260630300045137e-03 2.554497746871214336e-01
2.523706334721345034e-18 -1.436897679172173233e-14 3.283468043903164026e-11 -3.833980788874693685e-08 2.103866033470514662e-05 -2.123986812414657265e-03 7.979732312327827981e-02
1.746554005218395135e-18 -1.111260832304935449e-14 3.028777728586984801e-11 -4.341591384779587101e-08 2.922458688151364232e-05 -5.132959193914138525e-03 2.145552696209034049e-01
6.720481517906134481e-18 -4.302882536766263270e-14 1.073064046858782154e-10 -1.292686494189764448e-07 7.263573294874203507e-05 -1.339579645934135983e-02 5.855449236338884367e-01
1.399230111220781837e-18 -9.154759481712032261e-15 2.585954272892856694e-11 -3.815046268212771176e-08 2.580707289868792919e-05 -4.160081998697762878e-03 1.714764844494976459e-01
