1.676000000000000000e+03 1.045629972055039616e+03 1.791331858966498771e+02 3.591568055018477139e+02
1.676000000000000000e+03 9.529936292269377418e+02 1.534700015057270548e+02 3.975251936854237442e+02
1.675000000000000000e+03 8.989729638941884104e+02 6.332298979763476154e+01 3.391686961322938600e+02
1.676000000000000000e+03 7.138918103115580607e+02 3.008044505768971248e+02 1.583666014525772994e+02
1.676000000000000000e+03 9.599261666409450982e+02 7.561662150007713024e+01 3.991850463082811302e+02
1.676000000000000000e+03 7.064629016832777779e+02 2.184448412495082721e+02 1.774521576662068014e+02
1.676000000000000000e+03 8.898342714497788393e+02 1.989911610345450583e+02 1.628905182440122985e+02
1.676000000000000000e+03 8.968688654972133918e+02 5.467957135541269054e+01 2.709614466960674690e+02
1.673000000000000000e+03 6.524635829834425067e+02 2.638577735964298085e+02 2.274908354159794044e+02
1.676000000000000000e+03 7.709198524637332639e+02 1.612998418832609957e+02 2.844113546143973963e+02
1.676000000000000000e+03 9.137702183941443081e+02 1.072641299204599079e+02 3.213539386829408500e+02
1.676000000000000000e+03 7.078849162617383399e+02 2.021625288039343218e+02 3.425435965571130623e+02
1.676000000000000000e+03 9.623834357801488295e+02 1.424953406958987046e+02 3.569739792062778179e+02
1.675000000000000000e+03 6.962735923793482016e+02 2.708095921080314952e+02 2.515150061890186635e+02
1.675000000000000000e+03 8.711641868670469648e+02 2.027731159291859058e+02 3.549983535482132311e+02
1.673000000000000000e+03 5.723692144224348795e+02 3.209941097913360863e+02 3.116630864053326491e+02
1.676000000000000000e+03 1.051758639351827014e+03 2.748535781853020694e+02 5.284736907615094026e+01
1.676000000000000000e+03 6.385264124854024885e+02 3.598454985471280452e+02 1.379662884264177194e+02
1.676000000000000000e+03 9.654150291362942653e+02 4.745046826183612865e+01 3.208488970439290142e+02
1.676000000000000000e+03 1.061833633679371360e+03 1.421051293217561806e+02 4.185031312609724523e+02
1.676000000000000000e+03 9.759008138422713046e+02 1.112097725814640086e+02 3.975353473937142894e+02
1.676000000000000000e+03 9.829297687056013046e+02 4.050515980134019856e+01 2.964254046696982527e+02
1.675000000000000000e+03 1.048176014062578361e+03 1.191369906990184262e+02 2.900901060358630730e+02
1.676000000000000000e+03 9.038334881523877584e+02 1.366989032007537617e+02 2.383401497860489542e+02
1.676000000000000000e+03 9.755919461956525538e+02 1.696025585127826503e+02 3.805024130996618510e+02
1.676000000000000000e+03 1.014657145306250300e+03 9.337980429345709865e+01 4.108831704420840083e+02
1.676000000000000000e+03 9.937852645978367718e+02 1.288432312159583546e+02 2.442581928161256997e+02
1.675000000000000000e+03 5.782555046913076922e+02 3.910181245552086011e+02 1.708657422609441596e+02
1.676000000000000000e+03 8.946148440618092081e+02 1.462015592059838980e+02 2.865690561638284066e+02
1.676000000000000000e+03 1.054010914450273958e+03 1.141002743739008594e+02 4.679338996567747699e+02
1.676000000000000000e+03 5.838527890329064576e+02 3.560926958177198003e+02 1.486829241783746909e+02
1.675000000000000000e+03 6.432510919716485205e+02 2.804347599596063105e+02 1.938925852190055252e+02
1.676000000000000000e+03 5.995315204082075979e+02 3.276465780504689747e+02 1.909425790994147292e+02
1.675000000000000000e+03 8.283930346177520505e+02 2.273734189699639217e+02 2.222455863908947151e+02
1.675000000000000000e+03 1.033158091087815365e+03 8.958328129670485396e+01 3.527713062187445985e+02
1.675000000000000000e+03 9.828049162326490205e+02 8.393199187010664275e+01 3.559960116033339546e+02
1.676000000000000000e+03 5.599203517496063114e+02 2.526401587897349543e+02 3.552964637871336322e+02
1.676000000000000000e+03 8.211031041214931747e+02 1.216714814267958644e+02 2.394272886795270949e+02
1.676000000000000000e+03 9.653414155228368827e+02 9.821692724122867446e+01 4.411277439674821039e+02
1.676000000000000000e+03 8.748100368202319714e+02 1.025067047864837235e+02 3.386192831168564794e+02
1.676000000000000000e+03 7.938047231645075499e+02 1.871494370931943365e+02 1.759614810839144639e+02
1.676000000000000000e+03 1.020184786023543325e+03 7.908963215334196661e+01 3.330666666085570000e+02
1.676000000000000000e+03 1.083271480235749550e+03 6.934659960198531792e+01 3.879274258085523570e+02
1.676000000000000000e+03 9.500266226623547254e+02 8.413857486950031728e+01 3.852305858916716943e+02
1.676000000000000000e+03 1.011915484361633730e+03 1.179159242216991572e+02 4.215011101296315132e+02
1.676000000000000000e+03 1.003212006207603395e+03 1.336271007499568775e+01 4.000404782935557364e+02
1.676000000000000000e+03 9.286340551497410161e+02 7.137651726312526534e+01 3.371921921357006227e+02
1.676000000000000000e+03 1.071008840495713002e+03 1.176214496330532313e+02 3.363930736483740702e+02
1.676000000000000000e+03 8.896970131788267508e+02 1.722190743231247438e+02 7.691316013305423382e+01
1.675000000000000000e+03 8.641879895877771105e+02 7.275029757105288297e+01 3.467202887678974434e+02
1.674000000000000000e+03 9.113841116422846653e+02 1.473927157679547975e+02 1.014483399055478543e+02
1.676000000000000000e+03 7.152624315772008003e+02 2.943621092093488869e+02 1.037540305402754512e+02
1.676000000000000000e+03 9.371744710605104274e+02 4.417952573360379631e+01 3.077361479050924231e+02
1.675000000000000000e+03 8.935372908290695477e+02 8.708386288599605507e+01 2.757433395429884513e+02
1.676000000000000000e+03 6.882340982292274703e+02 3.172179703363834165e+02 1.785718036508476416e+02
1.675000000000000000e+03 6.847846686261640343e+02 1.800324195373470388e+02 2.567168292172501083e+02
1.676000000000000000e+03 1.067197782332641282e+03 2.067042291321043876e+02 3.867348707326680710e+02
1.676000000000000000e+03 1.037279692238149437e+03 1.042406855537570465e+02 3.081112512966770396e+02
1.676000000000000000e+03 6.089162812060679926e+02 2.946208875990433853e+02 2.216002543591171730e+02
1.675000000000000000e+03 8.465840752512723384e+02 1.309202087572256232e+02 2.131575744122435481e+02
1.676000000000000000e+03 8.765410278135617546e+02 2.158161310116295510e+02 9.469652276591334328e+01
1.676000000000000000e+03 9.776537754273091423e+02 8.599490245454627768e+01 3.156797366143684940e+02
1.676000000000000000e+03 9.845351769743136856e+02 3.505433235577542206e+01 3.645371948903859334e+02
1.675000000000000000e+03 6.874513793363764762e+02 1.685022749508404729e+02 2.441957157209685931e+02
1.676000000000000000e+03 5.857463125339448879e+02 2.277807806603852896e+02 3.511676634149594634e+02
1.676000000000000000e+03 9.479201908625915394e+02 2.926225512328821310e+02 1.033133252483278142e+02
1.675000000000000000e+03 8.179887879301705880e+02 2.144207580492137026e+02 3.370484847679270501e+02
1.676000000000000000e+03 1.022127176786539053e+03 1.195104705104230050e+02 4.366327517133829588e+02
1.674000000000000000e+03 6.671276299096451794e+02 3.705249015627804852e+02 2.268924132353527341e+02
1.676000000000000000e+03 8.963982764067229709e+02 1.038996025877365668e+02 3.216062272928574544e+02
1.675000000000000000e+03 1.018534060656332372e+03 1.035233985189567676e+02 2.691314157328945385e+02
1.674000000000000000e+03 6.759230539097525252e+02 3.700748794035089304e+02 1.323214431805550362e+02
1.676000000000000000e+03 8.686295737978501847e+02 2.599746324247829534e+02 1.037403825739951060e+02
1.676000000000000000e+03 9.272939333397022210e+02 7.468521740125022745e+01 2.615433221772299817e+02
1.676000000000000000e+03 9.011927544505316519e+02 8.016353283727244161e+01 2.768811318215151687e+02
1.674000000000000000e+03 8.112502032764119804e+02 1.808512336017216739e+02 2.611417628959789567e+02
1.676000000000000000e+03 9.902209784387057425e+02 7.027605504362242073e+01 3.349330805051525317e+02
1.676000000000000000e+03 5.915726756088043885e+02 3.799673539347273845e+02 1.526950086075159732e+02
1.675000000000000000e+03 8.443467802535878945e+02 2.404723332473170103e+02 9.487316923430049087e+01
1.676000000000000000e+03 7.564379586618600797e+02 2.859795457643840564e+02 2.038707661908157149e+02
1.676000000000000000e+03 8.609892492044302799e+02 1.031436371647584167e+02 2.297169875606982998e+02
1.676000000000000000e+03 9.560174669636285216e+02 1.177216140486522846e+02 3.570287941343097486e+02
1.676000000000000000e+03 8.604838303072781400e+02 9.247496124618808722e+01 3.125400442523116453e+02
1.676000000000000000e+03 9.696058454256824461e+02 5.039451630217337197e+01 3.655159901506492588e+02
1.676000000000000000e+03 8.993129582651079090e+02 7.892259913287389850e+01 3.248762307283268456e+02
1.676000000000000000e+03 8.647588451882201070e+02 1.278531723036142580e+02 3.643115701302874641e+02
1.675000000000000000e+03 8.250811287495008628e+02 1.179479332715752236e+02 1.836904075884540646e+02
1.676000000000000000e+03 9.448523718918895611e+02 1.047312934894672765e+02 3.299021079482509435e+02
1.675000000000000000e+03 7.868713874084633062e+02 2.055746816676444553e+02 1.858065032327212123e+02
1.676000000000000000e+03 1.030978447039926323e+03 2.000241077443836275e+02 4.191924993242276969e+02
1.675000000000000000e+03 8.800670546908244205e+02 1.969977412064457951e+02 1.486342337495144932e+02
1.675000000000000000e+03 9.152995600443448438e+02 1.057465679295451224e+02 2.680055562681575339e+02
1.676000000000000000e+03 8.289179353761423954e+02 2.198833648248775887e+02 9.644442320769370269e+01
1.676000000000000000e+03 1.014130296530182363e+03 6.313165132945825775e+01 4.852942409443290330e+02
1.676000000000000000e+03 8.429558958492564216e+02 1.964089134834173365e+02 1.683718210062386618e+02
1.676000000000000000e+03 8.780805751561462102e+02 1.484406046431620609e+02 2.366565077832442512e+02
1.676000000000000000e+03 6.298665681818099529e+02 2.764508219981165098e+02 2.671205858928393013e+02
1.676000000000000000e+03 8.393577454744106490e+02 2.254111100310265954e+02 8.944585730584029193e+01
1.676000000000000000e+03 6.670338152986508931e+02 2.588568603320204033e+02 2.134631469597130149e+02
1.675000000000000000e+03 8.522055275664857845e+02 1.969913134132447965e+02 3.323204311428347069e+02
1.676000000000000000e+03 9.648377379430894507e+02 4.339307308924258422e+01 3.241369965518203458e+02
1.676000000000000000e+03 1.026429541111927392e+03 6.767075856098956876e+01 2.890248033881121614e+02
1.676000000000000000e+03 6.440934700816191025e+02 3.659134049401639572e+02 1.805986596731333123e+02
1.676000000000000000e+03 9.887800419970637904e+02 1.784479869096905702e+02 4.208376170509772010e+02
1.676000000000000000e+03 7.189403370904211670e+02 2.778960177438330561e+02 1.263328829377343538e+02
1.675000000000000000e+03 8.457446141830542956e+02 2.048990960451505430e+02 2.657845651718870954e+02
1.676000000000000000e+03 1.023184330831889838e+03 1.126879722116316174e+02 3.898533730538994746e+02
1.675000000000000000e+03 8.075891778530944976e+02 2.197672454472562720e+02 1.996216013871872974e+02
1.676000000000000000e+03 7.112120068995293423e+02 2.795227648146192792e+02 1.223718234983976458e+02
1.676000000000000000e+03 8.112965673137251770e+02 1.588009316533147910e+02 2.643965571127965291e+02
1.676000000000000000e+03 8.021055745876974470e+02 1.560072611825205797e+02 1.703302416136745308e+02
1.675000000000000000e+03 9.818437112273484217e+02 4.211762459469080255e+01 3.869844066837675314e+02
1.676000000000000000e+03 7.606183077521019413e+02 2.421547909421726388e+02 1.846232337684300830e+02
1.676000000000000000e+03 6.069811720236086785e+02 2.869118164424120891e+02 3.313794180630027313e+02
1.676000000000000000e+03 9.167609002596086611e+02 3.071235668983148770e+01 2.235972387230608831e+02
1.676000000000000000e+03 7.111085298160501225e+02 2.720767330778130031e+02 7.755862389809469448e+01
1.676000000000000000e+03 9.292060412364149897e+02 5.797663680760054206e+01 3.712613635611253358e+02
1.676000000000000000e+03 3.825879215033731953e+02 4.262689982638067363e+02 3.771404143148386652e+02
1.676000000000000000e+03 8.574877292389104468e+02 5.034115404324418819e+01 2.487071194093319093e+02
1.675000000000000000e+03 8.089414062481529299e+02 1.767683040717075187e+02 1.929824951541112625e+02
1.676000000000000000e+03 9.694167989047142555e+02 1.150438041817810699e+02 2.474104063528569952e+02
1.676000000000000000e+03 7.026902610340939646e+02 2.284074514388728971e+02 1.872104299397450120e+02
1.676000000000000000e+03 9.864945418922611680e+02 3.219266839124699686e+01 2.734835290431180965e+02
1.676000000000000000e+03 9.721978525544803915e+02 1.470931627295028079e+02 4.057202689248674119e+02
1.676000000000000000e+03 9.475503161945474631e+02 1.454692727694699386e+02 3.931868531037154071e+02
1.676000000000000000e+03 6.532868871510085000e+02 2.506248588969606033e+02 2.349843537983368833e+02
1.676000000000000000e+03 7.528627714963552080e+02 2.311857204439620546e+02 2.579630666573834787e+02
1.676000000000000000e+03 9.542559417491181648e+02 1.620028802305827043e+01 2.827411628880453804e+02
1.676000000000000000e+03 1.066038263826073489e+03 1.635258957247992271e+02 4.434667826383050055e+02
1.676000000000000000e+03 9.495045386472930886e+02 1.622263445471134276e+02 2.134792663857755031e+02
1.675000000000000000e+03 8.305836942706882837e+02 1.350435552667710795e+02 2.307143309278241645e+02
1.676000000000000000e+03 9.245540418527317570e+02 6.619079013784269705e+01 3.380206334963593235e+02
1.676000000000000000e+03 7.493377091915787105e+02 2.628158714759658210e+02 2.694791072448953742e+02
1.676000000000000000e+03 8.087570928068596459e+02 2.805360585357305467e+02 7.898490916530209915e+01
1.676000000000000000e+03 8.043763787277592883e+02 1.879244056825630196e+02 2.014688401698344364e+02
1.676000000000000000e+03 7.594745033555126383e+02 3.143181742557414395e+02 1.398979624652852181e+02
1.676000000000000000e+03 7.547308756271285120e+02 1.981412765244421905e+02 1.800383887186342804e+02
1.676000000000000000e+03 8.876799117561307639e+02 1.491686620003440282e+02 4.180423554881479049e+02
1.676000000000000000e+03 6.932674788048774417e+02 2.602334820413538523e+02 1.280749845652112811e+02
1.676000000000000000e+03 1.031442334116720076e+03 9.354318147835567743e+01 3.894251532929001769e+02
1.676000000000000000e+03 8.994529437847427289e+02 8.189836539030160623e+01 3.206237656343182607e+02
1.676000000000000000e+03 9.831567211455972028e+02 5.895387693437400145e+01 4.104840319688465797e+02
1.674000000000000000e+03 7.803787254140844425e+02 2.716568730232417010e+02 3.363232351174359280e+01
1.676000000000000000e+03 6.837388515793542183e+02 2.587646274997896398e+02 2.163636449760769551e+02
1.675000000000000000e+03 6.843967357596758347e+02 2.810447718743479868e+02 2.041821050135289397e+02
1.676000000000000000e+03 7.620104702913137089e+02 1.673430523829626964e+02 1.704885105114414614e+02
1.676000000000000000e+03 9.980358080387616155e+02 1.245687129286491626e+02 4.327300372448654002e+02
1.675000000000000000e+03 8.229165030593844676e+02 1.486991358911446923e+02 2.406506804637850507e+02
1.676000000000000000e+03 6.452519791037822188e+02 2.672441153103894749e+02 2.602816118072284439e+02
1.676000000000000000e+03 1.112612575919244819e+03 1.955745740705464755e+02 4.121892508527095629e+02
1.676000000000000000e+03 7.728460161807633995e+02 1.293311972983721034e+02 3.163969986075842371e+02
1.676000000000000000e+03 6.493441347304544706e+02 2.766715638233694108e+02 2.415111756792766187e+02
1.676000000000000000e+03 9.552480104269791354e+02 7.378281154823261545e+01 3.707558478297371494e+02
1.676000000000000000e+03 9.917617014120112344e+02 1.869765481977287891e+01 2.779545475462780928e+02
1.676000000000000000e+03 1.023064485977376648e+03 1.253713495924218932e+02 4.483566292051832534e+02
1.676000000000000000e+03 9.274065407747343670e+02 7.729780675739974072e+01 3.712875342499507383e+02
1.675000000000000000e+03 6.573459871758924464e+02 2.910828818668426834e+02 1.499418260029377450e+02
1.676000000000000000e+03 7.304072766741959413e+02 1.673423685526703366e+02 2.808627199831229859e+02
1.676000000000000000e+03 6.994754014243632128e+02 3.449455638060089200e+02 6.372850292827713758e+01
1.676000000000000000e+03 8.121660862358419308e+02 2.215974247228917307e+02 3.022972592047912954e+01
1.676000000000000000e+03 8.216080429658545654e+02 2.456497597938270587e+02 9.514366366263281805e+01
1.676000000000000000e+03 8.753019185951465033e+02 1.669859786787273492e+02 9.299269131139776334e+01
1.676000000000000000e+03 6.389193883991022176e+02 3.062359183977777661e+02 1.869871006551846904e+02
1.676000000000000000e+03 9.081702516201615936e+02 2.620409838438773420e+01 3.829664699068392224e+02
1.674000000000000000e+03 8.325866526522621598e+02 1.176410814949909138e+02 3.129039253447573969e+02
1.675000000000000000e+03 9.384301919729160772e+02 1.236532904363831449e+02 2.775223932222338021e+02
1.676000000000000000e+03 9.318663017655453586e+02 8.896521050500270178e+01 3.844526165815856302e+02
1.676000000000000000e+03 6.422859693272298500e+02 3.264022225333381471e+02 1.684870659338912162e+02
1.676000000000000000e+03 7.922524816752394372e+02 2.057529946525731077e+02 1.225077949475046637e+02
1.675000000000000000e+03 4.788166766350349235e+02 2.934078788788611973e+02 3.715518718845670492e+02
1.676000000000000000e+03 9.552293129800508495e+02 6.382625845894175143e+01 3.916395602821814350e+02
1.676000000000000000e+03 8.397772137026090604e+02 8.769299782019088241e+01 2.413107868950064869e+02
1.675000000000000000e+03 8.779972716334314100e+02 1.585276631560867600e+02 3.359988107492555400e+02
1.676000000000000000e+03 7.392501242321278596e+02 2.621863996539391337e+02 1.765060376692435966e+02
1.675000000000000000e+03 1.022114248440799429e+03 2.065875060446779230e+02 4.053496696328424491e+02
1.675000000000000000e+03 8.451668467667241202e+02 2.193671995338912382e+02 1.998564147976616141e+02
1.675000000000000000e+03 9.417295311149255213e+02 9.847983131900184617e+01 2.873492855382862672e+02
1.676000000000000000e+03 7.730035497350992273e+02 2.628333396323809552e+02 7.505498313887497375e+01
1.676000000000000000e+03 7.161500072623437063e+02 3.057492513446006228e+02 1.090468031666001423e+02
1.675000000000000000e+03 8.600144423836524084e+02 1.204114534890929633e+02 2.246982950569311015e+02
1.676000000000000000e+03 6.434405279077376463e+02 3.329876831860410675e+02 1.968414574193581359e+02
1.676000000000000000e+03 7.224391003514152771e+02 1.688962206212966635e+02 2.162957756663894315e+02
1.675000000000000000e+03 8.328717396185375037e+02 2.250804238285330996e+02 1.526942321146264590e+02
1.675000000000000000e+03 9.098533180785038894e+02 9.809655059172345659e+01 1.796507657656595711e+02
1.676000000000000000e+03 9.422238218429795324e+02 1.031186643698614915e+02 3.499366206317600927e+02
1.676000000000000000e+03 9.528408217249789232e+02 7.264265174760390664e+01 2.932275785239864945e+02
1.676000000000000000e+03 9.783436939926976947e+02 3.015299157716348688e+01 4.074817852744346283e+02
1.676000000000000000e+03 8.005358155352780614e+02 2.170521886825629849e+02 5.622574121942837166e+01
1.675000000000000000e+03 7.110591256808892240e+02 2.629681236264854647e+02 2.000169417013170516e+02
1.672000000000000000e+03 5.914288411408624597e+02 2.702793860142398330e+02 2.295571018237264980e+02
1.675000000000000000e+03 7.032885150025106213e+02 2.716646390600503764e+02 1.141469558692217987e+02
1.676000000000000000e+03 8.688732563908318980e+02 2.445902956343769006e+02 5.514092098730314007e+01
1.676000000000000000e+03 9.586383637108525591e+02 1.804066435822524852e+02 3.758543099347628527e+02
1.676000000000000000e+03 9.659662448306513625e+02 1.604709046668079253e+01 3.303774963649544247e+02
1.676000000000000000e+03 6.521924517949371420e+02 2.892305193316012719e+02 1.653933002257418536e+02
1.676000000000000000e+03 9.853187061434351790e+02 1.077435842455855379e+02 3.887254788266970991e+02
1.676000000000000000e+03 7.278140208252556249e+02 3.122405469012634285e+02 1.451854867012428372e+02
1.674000000000000000e+03 7.204865963722369315e+02 3.169467811664630403e+02 1.001069416868622994e+02
1.676000000000000000e+03 1.021673889957015149e+03 1.610995160267432311e+02 4.215827102418716663e+02
1.675000000000000000e+03 8.378665368273849481e+02 1.675519852172260471e+02 2.139094521050021740e+02
1.676000000000000000e+03 1.026554613385391804e+03 3.160404835348138874e+01 3.473269153437718160e+02
1.676000000000000000e+03 9.667729089588522129e+02 1.544986646273152928e+02 3.690365099593000764e+02
1.676000000000000000e+03 9.076077603146975434e+02 2.053265236672228298e+02 1.316240069094726834e+02
1.676000000000000000e+03 8.984043076983376750e+02 1.233159074126163972e+02 3.888702343739239495e+02
1.676000000000000000e+03 9.751990462591846835e+02 6.844371850000095492e+01 3.682776836452091516e+02
1.676000000000000000e+03 7.549327442857493224e+02 2.318766575474249123e+02 2.435527343666812499e+02
1.676000000000000000e+03 6.220096676374032540e+02 3.394722364368791432e+02 2.018239156071100808e+02
1.676000000000000000e+03 6.400870027547970267e+02 3.429890901356204722e+02 2.392955829713323794e+02
1.675000000000000000e+03 9.413822179071611345e+02 6.197023460967420760e+01 3.036603263220090980e+02
1.676000000000000000e+03 9.080373474629868724e+02 1.649151973504942816e+02 1.344444173386398234e+02
1.676000000000000000e+03 9.836688177297319271e+02 3.449194751274060167e+01 3.209075122449773403e+02
1.676000000000000000e+03 9.718274774949634320e+02 1.588684613314735259e+02 3.453118280961488722e+02
1.676000000000000000e+03 9.177956623556964360e+02 1.050088542523278505e+02 1.476462360532235607e+02
1.676000000000000000e+03 9.522547735166349412e+02 1.188968336829166645e+02 3.402776413251850158e+02
1.676000000000000000e+03 1.054442267829105731e+03 1.098120874449449360e+02 3.197585782029883035e+02
1.676000000000000000e+03 7.080386723912986326e+02 2.461646674900551659e+02 1.468412666231622552e+02
1.676000000000000000e+03 8.894645107933123427e+02 1.005381371823621492e+02 2.137716841054993893e+02
1.676000000000000000e+03 1.076903865925566379e+03 3.015942627473630751e+02 4.972644413976746023e+02
1.675000000000000000e+03 8.593103922882860388e+02 8.686845455599964794e+01 1.477413217551345497e+02
1.676000000000000000e+03 9.418408161234201543e+02 2.009527607457632996e+02 9.339876657532377635e+01
1.676000000000000000e+03 6.146852748788128338e+02 2.949153108423245158e+02 2.029707811516654203e+02
1.676000000000000000e+03 1.006970017794636192e+03 1.559798901902541957e+02 1.993469176582387092e+02
1.675000000000000000e+03 8.706311471305949681e+02 1.660870649182539296e+02 2.639010091629771182e+02
1.675000000000000000e+03 7.450529327996405300e+02 2.050183642148188596e+02 2.351093134287494308e+02
1.676000000000000000e+03 9.376335025992733563e+02 1.418416645356309118e+02 3.877285536261082939e+02
1.676000000000000000e+03 6.046186714502891846e+02 2.559895822111187442e+02 2.408065997213799392e+02
1.676000000000000000e+03 1.023689502938158853e+03 8.555304354445659953e+01 3.366504717785941239e+02
1.676000000000000000e+03 5.626754643932321187e+02 3.339825733665104508e+02 2.312426420504193914e+02
1.676000000000000000e+03 7.368441623732489916e+02 2.561809792021728072e+02 2.153807279255932485e+02
1.675000000000000000e+03 6.020460289766106143e+02 3.431139582988370194e+02 1.908849450966211236e+02
1.676000000000000000e+03 1.002003984772063973e+03 4.805867845296462093e+01 3.826586485221965290e+02
1.676000000000000000e+03 8.898398037258691602e+02 1.015297375309152699e+02 2.440948455647801723e+02
1.675000000000000000e+03 5.865976385415783625e+02 3.070699524127693962e+02 2.111623692173703546e+02
1.675000000000000000e+03 9.423126182674664051e+02 1.928814792085794352e+02 5.856784854262426876e+01
1.676000000000000000e+03 8.872427734696177595e+02 6.279101923434521382e+01 2.901628847513264304e+02
1.676000000000000000e+03 9.893338230822414516e+02 1.829483588771758491e+02 4.042496289754327563e+02
1.676000000000000000e+03 9.427716781476000278e+02 6.928961691294993841e+01 2.871430632708323287e+02
1.676000000000000000e+03 1.044419697206344154e+03 1.157154191014340228e+02 3.811166326780554527e+02
1.676000000000000000e+03 9.396136730512744180e+02 1.197226596606876114e+02 4.032883001716227795e+02
1.676000000000000000e+03 9.585575149542695499e+02 6.326902567765495178e+01 3.854962761384157943e+02
1.675000000000000000e+03 9.984140554404459635e+02 2.865583114645044915e+01 3.930886292138935119e+02
1.674000000000000000e+03 6.070390061503768493e+02 3.600694798446556888e+02 1.802871124233402327e+02
1.673000000000000000e+03 8.979585437212991792e+02 1.273295577315619767e+02 5.087525719477824993e+01
1.676000000000000000e+03 7.844147130392526606e+02 3.015760276717182933e+02 8.220282467743354005e+01
1.676000000000000000e+03 9.045664532746961868e+02 9.832958764868851631e+01 2.794567763047377298e+02
1.676000000000000000e+03 8.544057273053623476e+02 1.099831883453579309e+02 1.927406547881722929e+02
1.676000000000000000e+03 8.835321209047463071e+02 9.861671221362027495e+01 3.301112042157087103e+02
1.675000000000000000e+03 1.013319775577497921e+03 1.928987671271431452e+02 4.326570166631537404e+02
1.676000000000000000e+03 9.524341127476981228e+02 9.835506572504478129e+01 3.808656170962713645e+02
1.676000000000000000e+03 7.708882441152290994e+02 2.969403249852085196e+02 3.424147653993857432e+01
1.675000000000000000e+03 9.056381825023036072e+02 1.116471185896049008e+02 2.448405737712402299e+02
1.676000000000000000e+03 9.410689449914676743e+02 1.460218411422445968e+02 2.935441238700486224e+02
1.676000000000000000e+03 9.504899769376839913e+02 4.430562489757187450e+01 3.089879671423661875e+02
1.676000000000000000e+03 9.960522480936606371e+02 8.677149946861494811e+01 4.372621272498927283e+02
1.676000000000000000e+03 9.447620821385148702e+02 8.445593866045625475e+01 3.728950542268271420e+02
1.676000000000000000e+03 7.262679815752347849e+02 2.487656774126216703e+02 1.046711231799700101e+02
1.676000000000000000e+03 9.637201272136823036e+02 9.241481398690947913e+01 1.127483780619572968e+02
1.676000000000000000e+03 5.596871326818450143e+02 3.485013851472476745e+02 2.785671578513351392e+02
1.676000000000000000e+03 1.006848869973278397e+03 4.738209355300340775e+01 2.975872909331955043e+02
1.676000000000000000e+03 1.086784557904216626e+03 1.224788024184130251e+02 4.045452942965386001e+02
1.676000000000000000e+03 7.238460466294410480e+02 3.129824850573712638e+02 1.591408281317551143e+02
1.675000000000000000e+03 7.849055318494239373e+02 1.767766384485781543e+02 1.878275574098702521e+02
1.676000000000000000e+03 1.000117603325729078e+03 2.377809860295550592e+01 3.489045750197528264e+02
1.676000000000000000e+03 9.014589304968484385e+02 7.198659300779641512e+01 3.426696515464666959e+02
1.676000000000000000e+03 1.010230578368884039e+03 1.030396827841699121e+02 3.699104922023521453e+02
1.676000000000000000e+03 7.870120165663779517e+02 2.012748103723167503e+02 1.271205000372316078e+02
1.675000000000000000e+03 9.398878598639790880e+02 1.526917728419872446e+02 1.657947205702370752e+02
1.675000000000000000e+03 9.657553573420999555e+02 8.341688986501631575e+01 3.735948709325039658e+02
1.675000000000000000e+03 9.886161075358102153e+02 3.124549659448341998e+01 3.283637444906709675e+02
1.676000000000000000e+03 9.256559906757797762e+02 1.011193879194216549e+02 3.698610066905385452e+02
1.676000000000000000e+03 9.345047702205698670e+02 9.558353955094676735e+01 3.227011860152316558e+02
1.674000000000000000e+03 9.276287255336563931e+02 7.723275612929356271e+01 4.157774844121482261e+02
1.676000000000000000e+03 1.074842006075629570e+03 1.430305236470588568e+02 2.514331319941741754e+02
1.676000000000000000e+03 9.727568701925998766e+02 7.500814174762865605e+01 3.761457327255303085e+02
1.676000000000000000e+03 9.027541642994219728e+02 9.132321081598273338e+01 3.225068330641207126e+02
1.676000000000000000e+03 1.012941718315371645e+03 2.908383753344739375e+01 4.056812290180003515e+02
1.676000000000000000e+03 9.362770502121531990e+02 2.590744039087168176e+02 5.065774981589157733e+02
1.676000000000000000e+03 9.852081781078270524e+02 5.447774810819716862e+01 3.564016061317573190e+02
