-1.169537438072497260e+01 -3.043247871043889941e+00 2.526970570358734403e+00 3.749412197364659693e+00 5.126656514185631286e-01
-8.776185215702062337e+00 -5.154527158341407400e+00 2.263800616831220580e+00 -3.833122058476263749e+00 -3.609468461621271995e+00
-4.026656352691696306e+00 -1.498863442037518423e+00 -4.737989380956400431e+00 -2.419887217134284729e-01 1.438835247255007888e+00
1.340927105143298270e+01 3.152092543713802542e+00 1.985201749454777342e+00 6.243822437582392526e-01 -3.596731699935869830e+00
-9.166930945696641686e+00 -2.618546240717781526e+00 -6.277691692802390699e-01 -1.514068029145450023e+00 2.133116919700307479e-01
1.038891926047635117e+01 -3.210754783512288935e+00 3.681904268020673054e+00 1.050003448897368186e+00 8.121137993978920777e-01
-1.160210049803308552e+00 7.501654272381313326e+00 -2.547208922990036761e+00 1.747955600075829397e+00 2.156853172378145445e+00
-1.107023908074664942e-01 -3.510943728375013340e+00 -3.575635543014764828e+00 2.900906441780852330e+00 -3.827777438524181952e-01
1.343922175312325429e+01 -1.879982422341072823e+00 -8.997593658655401727e-01 -8.379708201152753499e-01 2.029762524885955433e+00
6.212333236101158285e+00 -6.560173393991943769e+00 -2.251570078207832282e+00 1.338248944549971009e+00 4.261598418445705638e-01
-6.275530337146586923e+00 2.692144809879136069e+00 -2.968953929650609336e+00 -2.946888484024322796e+00 1.045503047437580602e+00
7.569580096452502183e+00 -6.626240518595660767e+00 8.855155437140613373e+00 4.680882067629696941e+00 5.864961113234365087e+00
-7.166357612050420656e+00 -6.917074413757632101e+00 1.559179346245896269e+00 2.016933322914586491e+00 -1.237105722856698620e+00
7.776543982482324147e+00 -3.360847125438827798e-01 -4.374762837511079638e+00 -3.374360646087302129e+00 3.769604669857406609e+00
-2.053448295939483526e+00 -9.910730520703179280e+00 2.396909629723965818e+00 9.316396536370498138e-01 -4.869609252983896908e-01
1.581606275849417820e+01 -2.052332978295776655e+00 1.136564222760622495e-01 -1.170461015243559055e+00 5.556357010543568009e+00
-3.621695956438024666e+00 1.053264202311122943e+01 5.850623543284933170e+00 9.373875934915433916e+00 -2.053336852355833297e+00
1.344195250810906295e+01 -2.740366490286402223e-01 -3.131798845420596389e-01 -2.847308105794431388e+00 2.319285011992041345e-01
-8.332562080335353727e+00 1.605909199675681798e+00 -8.604116413908093897e-01 -1.931317139878219402e+00 -1.322029927306184405e+00
-1.527545564390637978e+01 -2.596792003530356552e-01 5.729538043988497087e+00 -6.134289421537320042e-01 -2.353533628006400646e-01
-1.010740618347894682e+01 -3.335206636637669142e+00 1.832558764609035329e+00 -2.568171713474677986e+00 -1.159714642618208114e+00
-7.401361405373408253e+00 -2.101210683484185382e-01 -5.971028465285541098e-02 6.713701225282333596e-01 -1.259011146171552298e+00
-1.035416822348172161e+01 1.331502245290139941e+00 1.473343925521196196e+00 4.109897247894126693e+00 6.120954387167388822e-01
-2.043906769413525559e+00 3.204191575447021378e+00 -5.169962725947630844e+00 2.360324406255314145e-01 8.997527353738387079e-01
-8.279610757252493514e+00 -6.529378588735900379e+00 2.462062954158902084e+00 -7.967637079220403207e-01 -2.444100720426478635e+00
-1.251155468970960349e+01 3.820677988679965775e-01 3.164942483033114762e+00 -1.730093799508909846e+00 4.082065782424161848e-01
-8.593098619832185037e+00 9.781800007394533480e+00 1.954945483703149467e+00 1.592831763572497339e+00 2.624772362643441159e+00
1.862485047375886538e+01 6.644671808170901084e-01 3.280209067196058204e+00 -3.642254393464390283e+00 -1.701328411564970056e+00
-5.971462404293463422e+00 4.862897598536808808e+00 -1.173725091467395343e+00 -3.991148556735432784e+00 1.303296572587804958e+00
-1.622343563330429106e+01 2.057529499296260500e+00 4.319403457346510322e+00 -2.043212715029308235e+00 1.981727150508950208e+00
1.586834940736883937e+01 -1.825161316129265909e+00 4.704931440336444837e+00 -4.118088821100845287e+00 -1.012345937640818233e-01
1.346440535048993681e+01 -1.655898116055099623e+00 2.398155224137629826e+00 -1.088365925452575045e+00 1.308384708864344326e+00
1.714877690518426334e+01 -3.973884135337901746e+00 3.060737610694828525e+00 -1.915372581071337788e+00 -1.921132076712400716e-01
-5.506207398383823337e-01 4.757802319498313892e+00 -1.818907388366177491e+00 -4.758631791020913049e+00 -1.041565401648945378e-02
-1.123013405254794606e+01 1.365438931761465025e+00 4.012220173151052616e-01 2.069950877779902942e+00 1.127676137323386119e+00
-8.796625386211713860e+00 -3.207192135840586822e+00 5.142144154405628997e-01 1.222324543509519357e+00 -4.611114410678013309e-02
1.763483644664350791e+01 -5.919335636024393166e-01 4.178616341980093907e+00 1.504019490576052220e+00 5.079125234529661803e+00
2.608199815261661669e+00 -1.445246460027981072e+00 -2.380232926334535204e+00 9.536677801896078499e-01 1.545482367810149693e+00
-9.848022480422725877e+00 -3.460878041879244638e+00 -1.038565807108590588e+00 -1.702493524966452787e+00 1.163722521807326382e+00
-4.507700106227069625e+00 -9.312393243212351290e-01 -4.222911987599596628e+00 -2.611581337917031842e+00 1.751200477865066496e+00
8.477648217379318396e+00 7.405558505598752728e-02 -2.090315884756942744e+00 3.193821689941941599e+00 -3.889973778987317887e-01
-9.705508100210584743e+00 2.977709051812758578e-01 -9.631856944044785429e-01 3.247534315583682218e+00 1.325395337376208404e+00
-1.333447476932279585e+01 7.798701410812594048e+00 9.816438629012312234e+00 5.286765871062555355e-01 -2.575199067068898895e+00
-7.776029326623405957e+00 -5.219160848015497400e+00 -1.263983095715166094e+00 4.698886669015514550e-02 -1.177540602103737677e-01
-1.269359625689545723e+01 -1.001707155174793806e+00 1.563434797240803809e+00 -1.707895948396956687e+00 6.420181345498869874e-01
-1.262390139936984745e+01 2.916088133334592047e+00 2.616862638283619980e+00 -2.816033864339928972e+00 6.911834092548015951e-01
-4.034103179663957484e+00 -5.524090392680591322e+00 -4.740839149991989410e-01 3.326204710646941010e+00 5.300474503112968527e-01
-1.255135929316404031e+01 3.447211705521725289e+00 4.049276841860774745e+00 1.243253216713772646e+00 -3.905253730470127360e-01
4.548084736918380777e+00 4.263741146719739916e+00 -3.703826534500339385e+00 3.940539865846514722e+00 -2.619348233043519159e+00
-2.055016695474311206e+00 -6.198548633507526162e+00 -2.417166475403061288e+00 5.746799737538498265e-01 2.048795865764732049e-01
-7.369750638132321896e-01 6.834743294359514110e+00 1.176848708871227167e+00 1.186299452333323678e+00 -2.026579203798314133e+00
1.044065301580540073e+01 -7.608641643534720389e-01 -5.489641704150363122e-01 -1.889149778584438000e+00 -2.945412365912285502e+00
-5.098318783810668720e+00 8.274695297273723105e-01 -4.671519666709997409e+00 2.130522101033377247e+00 2.688720664450251707e+00
-2.885939822699756796e+00 7.835573288143689030e-01 -3.230249581033542761e+00 -8.724780582664923845e-01 7.863182826599205422e-01
1.033769917453384224e+01 5.009230182733747094e-01 -4.072297537314521598e+00 -3.000958775170938342e+00 3.340369889944463933e-01
1.195553380760600781e+01 -4.321960414917218607e+00 2.445390273436791606e+00 1.518070400839278467e+00 1.809805249826928364e+00
-1.294326567012614326e+01 -4.719016915204990781e+00 2.080566138899104356e+00 4.212438518225879669e+00 -1.392065687298541798e-01
-1.077377060595395619e+01 2.182707834687404702e+00 8.747628918479272153e-01 2.176594550489927560e+00 5.375313242073684883e-01
1.538662861635117807e+01 -1.932016640542070007e+00 3.573126123154954037e+00 -9.279686122370135459e-01 1.644167936543259101e+00
3.186178642035868425e+00 -1.276466604098888125e+00 -3.477981865123012106e+00 2.799929880663523551e+00 -1.563772312086855742e-01
9.268259653935908560e-01 7.229590722407064796e+00 -1.034182559586029670e+00 9.119202728322939322e-01 -1.204202864156988517e-01
-7.713568765724136966e+00 5.692848141977361998e+00 -3.024525183501383996e+00 -9.497913131632746975e-01 1.105356351799536174e+00
-1.198503630250857022e+01 6.881738301600437424e+00 4.757902430142850747e+00 -3.307094155971015859e+00 1.814357706276817250e+00
1.186450026526995671e+01 -2.910574931632523121e+00 3.991044178559608024e+00 2.134360300877175209e+00 2.048920448231001501e+00
1.634413046485475363e+01 -2.220658335739430722e+00 5.880359631757692718e+00 2.157107063533780789e+00 5.600950639842690038e+00
4.162167471026817722e+00 1.005236131882753625e+01 -2.973736972364497966e-01 7.428443249449122376e+00 -4.396609754489215760e+00
2.803903082200723262e-01 -9.068545151894905842e+00 8.071381117075194789e-01 -1.623292204816572992e+00 -1.014973588346632427e+00
-1.311227879286317943e+01 -6.984637329927482208e-01 3.791441531098047157e+00 -3.147283537748045923e+00 -1.134789093760083745e+00
1.418714108562655873e+01 3.554465226085869123e+00 -2.211528629832948845e+00 -6.640504815944205941e-01 2.381181891183678623e+00
-3.528052435876918302e+00 -1.552559856267247795e+00 -4.851081707232110851e+00 -1.001895683268359427e+00 -6.053698540294829566e-01
-7.404873259065352542e+00 1.679665146836101686e+00 -1.460053175534516967e+00 3.175465131215493120e+00 -3.768674141767614505e-01
1.512217760800158572e+01 4.938022953520767366e+00 2.595966213971600656e+00 -1.786743228531832539e+00 -4.419841885764951073e+00
6.101566772590725662e+00 5.444724917956270005e+00 -1.389610099909282415e+00 5.861144288931495971e+00 -1.725283837102059348e+00
-3.528137142472103083e+00 2.477160011975343135e-01 -4.090156686419368803e+00 1.193548071652762443e+00 -9.605903597075819977e-01
-2.242263457777886604e+00 -2.800886279993283434e+00 -3.498463447105545132e+00 6.072427553333854533e-01 -9.969116338623221774e-01
1.551059478150374149e+00 -1.941476628952562233e+00 -3.995595550747905733e+00 -2.458715929878114714e+00 -6.564266480682998672e-01
-9.121301398043462072e+00 1.711073124218973340e-01 2.670064857986011120e+00 -3.033682636034203406e-01 -2.806333195344326570e-01
1.720086517148627081e+01 -2.581161906717436949e+00 2.480879819486367932e+00 -2.926926069562477473e+00 -1.498733713282275115e+00
2.319684350773150605e+00 6.995084494187012503e+00 -1.484067506438547346e+00 -1.497754884877114723e+00 -1.249206590778110026e+00
7.112541842205519771e+00 4.129324931676925381e+00 -6.848553189611903846e+00 -4.986922795295574140e-01 3.242696084407993062e+00
2.132891498888350446e-01 -1.803844351146958180e-01 -3.261679618208536802e+00 2.486774547887054876e+00 9.667201502719411366e-01
-8.260452442618650082e+00 -4.051752594845590139e+00 6.297354227986794450e-01 -1.654464217373523560e+00 -1.812962315869447671e+00
-5.003610891627079393e-01 -5.287313085019912151e+00 -2.598840804883908451e+00 5.047513249721712336e-01 5.269301597381961799e-02
-8.247888710366787279e+00 1.230406720528667730e+00 6.533420446625355371e-01 -2.851719175164174835e+00 -1.558201062133055315e+00
-4.542027017755048135e+00 -9.399759856001389524e-01 -2.984662857540700820e+00 -1.152535381252043800e+00 4.668873254725445787e-01
1.664169934833658326e-01 -9.284466663848711221e+00 7.965455002172794341e-01 4.003824270731424662e+00 1.326087025752254567e+00
5.209471904692723143e+00 -1.510040351705047801e+00 -9.484087775729960201e-01 3.314854003875030042e+00 -4.891425716696315429e-01
-7.687080296325584428e+00 3.054134572695198280e+00 1.487750396726856161e+00 -3.697508996322210972e+00 -1.041512192958364835e+00
6.585787300386910736e+00 5.402767351308621624e-01 -4.101209322829905801e+00 2.070930340499771649e+00 9.554270384871988986e-01
-1.148776952492941383e+01 -6.474887833213379018e+00 1.727081744577980471e+00 3.417007671024828941e+00 8.496266361835191905e-01
6.977737232291330027e-01 7.393371741191839597e+00 -2.154338972684426423e+00 -2.739932070593096847e-01 4.533012479551910001e-01
-4.184337357096979737e+00 2.958762341545290830e+00 -3.115808840029111515e+00 -1.725381521431159637e-01 9.242125669376086705e-01
2.525503076976089112e+00 5.511483794007525638e+00 -6.938685278540636103e-01 5.111121101003185396e-02 2.657804271619508829e-01
-1.541665058520243292e+01 4.141986628182006136e+00 4.324073402884113904e+00 -5.418148380855481783e+00 1.908618882145812545e+00
1.333868106261259623e+00 3.820518091496269975e+00 -3.579273607996182882e+00 -1.272534488680903353e+00 3.928790624808070620e-01
-1.927413070290014518e+00 1.142047585468139781e+00 -2.598680554253474551e+00 -1.999562620007708791e+00 -1.862368864835894255e+00
1.453968464680548500e+01 -2.174009358888442822e+00 -2.925047259207378403e-01 -8.365373501680556378e-01 3.657781035163973904e+00
3.483394483808142095e+00 5.526318572746950153e+00 -1.755876750126172503e+00 -1.679647735030794231e-01 -1.106560255324006814e+00
1.317557378929626388e+01 -2.075192398662948357e+00 1.186227754068340245e-01 6.347650531199573731e-02 1.106562223117511845e+00
-4.076519916171100100e+00 1.829691572057364546e+00 -3.096057450476840334e+00 -5.584698510591254106e+00 5.875262701018318934e-01
-6.207109701745896935e+00 -2.093147184846276598e+00 -2.545817953627578678e+00 2.913677595139516630e+00 8.912523602309780912e-01
-1.027576970373942267e+01 4.642575085135103308e+00 3.515461302845638847e-01 2.174199105076294103e+00 1.424483133327316242e+00
1.230604241921583863e+01 4.346700071968215978e-02 -2.700302474878573999e+00 -3.270145585292633328e+00 1.463244937212433205e+00
-1.044604274095943097e+01 -6.112289303795267692e+00 1.970117588815140985e+00 2.000295926849798178e+00 2.042794176767887659e+00
1.214200299927474269e+01 1.629538824925848450e+00 -1.944465101790401551e+00 -4.796143820329854535e-01 -1.497364806464501319e+00
-2.119540870321913406e+00 2.403202522864342772e+00 -4.647322495561038380e+00 -3.987026129409851904e+00 -2.962478586102969547e-01
-1.200396468547068807e+01 -2.029980307125499817e+00 3.121920386850053131e+00 4.668609726107320057e-01 -7.520434342716247889e-02
2.568650505671295825e+00 1.096381356952461195e+00 -5.102462990413518362e+00 -1.331927105142207024e+00 3.819188465067229754e-01
1.320855538766809723e+01 1.424833568726885158e+00 7.616875280164547846e-01 9.241778395881518338e-02 -1.983493827369066764e+00
2.328947060853114870e+00 -4.021623492201444883e+00 -4.636676273209308086e+00 -7.652995987316812965e-01 -8.364805311838999780e-01
8.073099512036748138e+00 -7.051064617787812239e-01 -2.779712299034894585e+00 3.816042129512148051e+00 -7.743753189500598433e-01
-1.057704981799630062e+01 3.845154481277084368e+00 6.869093490609318176e-02 -2.924946026064825233e+00 6.931312606268981158e-01
5.806985714126205345e+00 1.628765628719037739e-01 -4.387176225702364540e+00 -4.866802937690067887e-01 9.642825742018831248e-01
1.939011940225585917e+01 1.088489908794942673e+00 4.279054588842143403e+00 1.885207318565695234e+00 1.821818175278946406e+00
-5.412603969184082847e-02 -2.565540952056757362e+00 -5.251565751701130491e-01 3.833517643729749125e+00 -1.577031652707967524e+00
1.107585938107046353e+01 1.871620302078550901e+00 5.310344853273617716e+00 -1.998406153375371419e+00 -4.627377039483031140e+00
-4.788730789328539572e+00 -7.541285972077829136e+00 -1.351349131782445090e+00 1.873988494880293620e+00 -2.892600119674617609e-01
2.351127871143778236e+01 1.046523572335221530e+00 9.774025183815282958e+00 -4.560387315114822648e+00 1.639067981737547752e+00
3.410506939547499616e+00 -4.491407651859849359e+00 -8.613957236430224151e-01 4.836763971277123098e+00 -1.987266466498222306e-01
3.206883267560668216e+00 -1.376525265679420684e+00 -1.362604272552127238e+00 -8.517152335768548577e-01 -5.460619915751264708e-01
-5.837537602603360298e+00 3.575692179933747106e+00 -3.212130064664668438e+00 3.436344687186405622e+00 1.601571305812344637e+00
1.118624302414166038e+01 1.371202211031012030e+00 2.014963991254814069e+00 8.042813769147666436e-01 1.856203803634924654e+00
-7.927886396687711112e+00 3.698950380844324037e+00 9.204751507087906015e-01 6.905564216516066889e-01 -7.633358573952814252e-01
-6.430309933702650582e+00 -7.160259297990820393e+00 -4.817755827919432687e-01 6.403620738350919162e+00 3.139678788986307367e+00
-7.600104892806524681e+00 -5.823091451410937758e+00 7.690931897914947690e-01 -1.158955226511996672e+00 -1.137958892767093610e+00
1.570672353761358764e+01 2.901435315933688641e-01 3.210287377496355621e+00 2.154788606030486164e+00 8.807294822394498013e-01
6.577009715556051184e+00 -1.606823307149387148e+00 -5.091596587600838220e+00 -3.308742790779032328e-01 2.173522741886843690e+00
-6.838609747632884428e+00 1.363076730468960329e-01 1.672878964538002000e+00 -1.297708670700977174e-01 -1.140653136655203514e+00
-1.510371273013498872e+01 -1.302917568581563046e+00 3.168168588192116442e+00 6.743903187679077885e-03 -8.699243082058809307e-02
-4.220908011042334707e+00 1.140761232717842866e+01 8.880344607465694429e-01 -5.591806571423064698e-01 -5.239315321991525609e-01
4.170613938848523716e+00 -2.750747792118585000e+00 -4.434483950112930728e+00 1.882384630316683793e+00 -9.003936135762727888e-01
-5.712670114380762776e+00 -5.169909983299263434e-01 -3.044846387580020686e+00 -9.171708721198812420e-01 2.320516502846667606e-01
3.991573411909307811e+00 -1.049813949374672983e+00 -6.103162623555090427e+00 -3.845669798781446325e+00 1.978119091446422395e+00
7.752845361879121988e+00 4.292881420810492621e+00 -3.419334324444570861e+00 1.113977182822714074e+00 -2.857427780891217406e+00
5.016069068153812260e+00 -1.153194803471792262e+00 -3.332776290445405909e+00 1.506932426685875015e+00 3.227050604666884537e-01
9.450789828629153178e+00 3.655888375958741943e+00 -5.629417905614013229e+00 -9.945908140854227142e-01 -4.886822375099617588e-01
8.492108990599033902e+00 3.234272488208124186e-01 -1.144638692553442860e+00 1.639289917405862829e+00 1.495739076697481629e+00
-6.120675421112929726e+00 -7.147085112229818904e+00 -9.637635200373808608e-01 -3.479489851712399329e+00 -6.122557330609520454e-01
1.300399336733796574e+01 5.072374418721143918e-01 1.802044657554453755e+00 -3.635849342528346129e-01 -1.831106005006894577e+00
-1.141171632611087539e+01 -1.851806640648942237e-01 -2.993021085988313512e+00 2.771867060012247030e+00 2.154550624271822645e+00
-3.483285176620449342e+00 -4.580447997938707161e+00 2.137216506866349008e-01 -9.705456060584684297e-02 -7.598243697298240340e-01
-1.189124549767915795e+01 4.634803644881984042e+00 2.334454321511015173e+00 -3.736396060802762875e+00 1.842716678145679188e+00
7.437078925390376405e+00 3.079142887274103568e+00 -1.218926112749022517e+00 -8.705810979066425093e-01 -3.599213548931607498e+00
1.415307592172487183e+01 -2.906796619663615466e+00 4.370036641060747185e-01 1.162237656919245632e+00 -5.451850952336829703e-01
1.069798635661961228e+01 -1.584217615371786403e+00 -2.207057059122907727e+00 -7.779433429473714412e-01 2.136197828764137441e+00
9.477558002211662114e+00 -3.129298010272015595e+00 1.685763887886057022e+00 2.244542405172858857e+00 -1.419887431984663717e+00
-1.153054888605604944e+01 -4.542231650112960928e+00 4.946384709735751617e-01 -1.243954850763147491e+00 -5.027036221496461454e-01
2.546280984465008945e+00 -2.587346821934798591e+00 -3.569092844755962446e+00 5.867684531759252975e-01 1.165793445638672703e-02
1.238833395922537939e+01 -2.534956634566149170e+00 -8.671816725990398877e-01 -1.664195366539861665e+00 3.720789764500794128e+00
-1.685300428286822338e+01 3.274994741346878957e+00 9.200969898176792228e+00 1.575792584989792910e+00 9.126790377946727428e-01
5.374510123315383581e+00 -5.866992636248443915e+00 -1.707373646802049949e+00 2.003978790300714685e+00 2.665872112837917030e+00
1.300282464765510326e+01 -4.476291348393583114e+00 -7.182541287467869573e-01 -2.181318413628236530e-01 1.602155857611685219e+00
-7.747921836891699776e+00 -2.670322111463136583e+00 -5.978088929397490370e-01 -1.369114331678568941e-01 3.062958964489138070e-01
-8.293693906146339501e+00 4.491402093224783343e+00 8.824755555439707244e-01 8.665695759841196555e-01 -1.950791258593660982e-01
-1.316204572240200754e+01 -3.118435627407901922e+00 2.370591327037972373e+00 -2.303039744141263334e+00 -9.419743173162846706e-01
-9.212697121868762551e+00 4.832802020833802281e+00 4.619649891384678547e-02 -4.326554831140412283e+00 2.909212186374250830e+00
1.510613950016976759e+01 1.448360730607322955e+00 3.656778969402627588e+00 3.886224108848215786e-01 -2.169082098758603916e+00
1.362058458660072979e+01 -1.057133073406412160e+00 1.147126490071612270e+00 4.566536656810280981e+00 2.447549369536393404e-01
1.135933136390514697e+01 -5.349950683257257422e-01 -3.554729345107487060e+00 -2.779633152732376544e+00 -3.435192960606782364e+00
7.584384624925333718e+00 3.331516682548513408e+00 -1.123434558593823018e+00 8.681106341303039819e-01 -3.752603243185566040e+00
4.531612303857925461e+00 4.476254397417548603e+00 -3.602172990718919721e+00 -2.301671605727311221e-01 -1.482346294723635216e+00
1.282562699449819821e+00 5.216707937698538800e+00 -3.933909567484403236e-02 -1.472502717338269596e-01 -2.349491323032805390e+00
1.572533089048397237e+01 2.299798204584451167e+00 3.603994623905709904e+00 -1.657451836409370438e-01 -6.459828260451830895e-01
-3.594077615922923297e+00 -4.415741364097358179e+00 -4.302040072598242837e+00 9.473990688780811187e-01 1.401358535990361531e+00
7.223838567862520543e-01 -6.162986571616438702e+00 -2.451444681888166777e+00 7.414967971295951532e-01 7.677207495506691570e-01
-5.923701014568989898e+00 5.027060979011880093e+00 -2.517757965405095000e+00 -9.367413216775201112e-01 7.471102569707397389e-01
-6.421752535084023883e+00 -6.353035339201457354e+00 -2.199593787983531890e+00 -6.405646713362300737e-01 -9.707993390817499790e-01
1.535949401924706414e+01 3.409865324683725607e+00 3.791357606886561538e+00 -7.909712030994090481e-01 -8.174264078230852881e-01
9.027507236448531813e+00 9.696187119143910849e-01 -4.701209475994831521e+00 3.568632585603222829e+00 -1.734794262993403668e+00
1.874809053016413785e+01 7.437342615069377771e-01 8.463756843166915900e+00 1.951294731764451756e-02 5.135035573603416559e+00
-9.728885986459330226e+00 1.421551006536668993e+00 -7.399251893678685521e-01 -2.651289883625152832e+00 1.837195418152080428e+00
3.494936608442732240e+00 -5.894106141429506174e+00 1.419099955607239782e-01 2.777673894550985789e+00 -1.716164406894914451e+00
-2.844425630046070630e+00 -7.431758268637753240e+00 1.135444162495167220e-01 -2.723261139433073019e+00 -2.729392817919416903e+00
6.507949932943679627e+00 1.261322676647411711e+00 -3.215898418295523253e+00 -1.958924635136335413e+00 1.310733657711228739e+00
-1.191778945604810680e+01 -5.922647027729852631e+00 3.205879878100198699e+00 1.206772177191593798e+00 -6.712151322157801081e-01
-9.608940291497035657e-01 7.481813704473626814e+00 1.122160925064895176e+00 -3.970601526993199570e+00 5.769392689212344827e-01
-5.400263468931310484e+00 1.902899769988378065e+00 -3.762360228696606690e+00 4.050806448444758678e-01 6.331435023279321506e-01
9.072011374063430722e+00 1.545142578202409522e+00 -1.701107396261646088e+00 -7.815634853595998521e-01 -3.742612827649370644e+00
1.136136049515355850e+01 1.137144606305525718e+00 -1.638577856636407093e+00 -8.083840026417709046e-01 -1.288998281139024593e+00
-2.677410576559107747e-01 -5.533866739493331632e-01 -3.640570476284984203e+00 2.276729303951632588e-01 -8.590654933531768900e-03
1.527480351596487296e+01 -2.731784797589616343e+00 -1.791709930349477675e+00 -1.915319832611889428e+00 -2.928895772786803686e-01
1.087060058223127434e+01 -2.055917290143670917e-01 4.234942601664313244e+00 3.555622093760162805e+00 1.314069637153606696e+00
3.946732209083273712e+00 1.719862898946334262e+00 -5.902853141726001063e+00 -5.138493643088476448e-01 -1.994711604942884797e+00
-1.307201967694148648e+00 1.506048597706754144e+00 -1.808618438148001051e+00 2.719406967362715033e+00 -7.007248592384369701e-01
-4.338618377511394009e+00 -8.114684107896954046e+00 4.042044623763112188e-02 4.077681678148160849e+00 -2.907201048806977162e-01
-5.432264363832773668e+00 -3.182838459057248492e+00 2.821323918681294951e-01 1.063060929511526975e+00 -2.285906806892398446e+00
-1.098393396642845943e+01 3.239519607399295786e+00 -8.583555444287539471e-01 -3.202472004758388557e+00 2.228739363424423470e+00
7.729859940939975971e+00 3.159288970852651257e+00 6.476361132599082193e-01 9.191746659141047937e-01 -2.842612749322466215e+00
9.429368700850726981e+00 -3.624039190825450785e+00 -2.750293043600333220e+00 -1.273331777053772873e+00 -3.388107089771538738e-01
1.631106038251709123e+01 -1.118652223497669906e+00 5.947227087685058144e+00 -5.181763781693147219e-01 1.245497277707945161e+00
1.063155884023303166e+01 -1.124405970550800049e+00 1.637874896353906484e+00 -9.209114530929998210e-01 -9.324884549449725668e-01
1.950112501744751592e+00 6.358859374006875065e+00 -9.054165416980332337e-02 1.189210392033874797e+00 -1.842612884311630506e+00
-7.504905828705892290e+00 -6.757715896365561470e+00 2.471953348033263609e+00 1.085988180455958602e-01 -8.781782566130468259e-01
-8.735018642271688449e+00 7.241490696011511075e-01 -8.653727113473522747e-01 7.949037502542311007e-01 2.063163531960275243e+00
1.363378916920656359e+01 -2.236524607938543130e-01 2.208373417581359188e+00 -1.050346137068063124e+00 3.991197674563454895e-02
-9.951388600645305615e+00 -4.262772753615001520e+00 1.111601847984900582e+00 -8.929728463462919263e-01 -1.882681799212568619e+00
8.714215196358304993e+00 1.599949730001319015e+00 -5.043515176601329308e+00 -3.251189093201241054e+00 -4.990098292950883030e-01
9.813421124569927656e+00 1.181421332165196736e+00 -2.863307031018844651e+00 -3.200041888495053666e+00 -1.710051262045058751e+00
-1.323626390623037352e+01 -2.696439456106152655e+00 4.181721477431632472e+00 -5.633488717742717311e-01 7.487443707822608596e-01
2.372954019826623462e+00 -8.383322562064131622e-01 -4.475659169659622627e+00 -6.417172653227772861e-01 -1.442678119454309682e+00
-1.135962716350257118e+01 4.914344492321380820e+00 2.744583317480307372e+00 -8.104639440840075704e-01 1.096486115562407895e-02
-7.327887080768268113e+00 -6.917347246608278155e+00 1.764459702193069024e+00 9.734105690293246571e-01 -1.551244752101881730e+00
-1.414772528967591647e+00 9.348062092234748377e+00 -2.082639030356511767e-01 -2.714771986445818630e-01 -1.757757299532999085e+00
-5.570606124645962609e+00 -6.713153236809437097e+00 -1.525184957781863693e+00 -1.004731590395229635e+00 -1.967152138380244830e-01
-9.646556346619789224e+00 1.707182742909876927e+00 1.064347803108503188e+00 -2.545997561954377986e+00 -8.272898091623882566e-01
5.096743266752269186e+00 -2.753274749048412406e+00 -6.270171336398781214e+00 -2.076415682715046174e+00 7.613357678833476694e-02
1.654598298993404271e+01 -1.538938623377436254e+00 6.073622500850212047e-02 -1.236396337494403364e+00 -4.376387892050604550e-02
1.695331951295514372e+01 1.280188361146205267e+00 2.071913147852971981e+00 -1.071619797892502668e-01 -1.217884677881755584e+00
-5.310857341865687253e+00 -2.756748638177177302e+00 -3.430633032043253206e-01 2.180995383137241117e-01 -1.456796377330163095e+00
5.308998250486242299e+00 2.745664653964729585e+00 1.446921100512293945e-01 8.120714360473821003e+00 -1.884620875785785188e+00
-9.076048715244555254e+00 4.281311377963735509e+00 2.356719487468118768e+00 -2.043549100032236776e+00 -1.139896638619587010e+00
-7.188819000520169311e+00 -6.630944105079988660e+00 3.495662333967410884e+00 1.324254915038432401e+00 -2.161853740533290491e+00
-6.781832382065468012e-01 3.250895464052556694e+00 -2.561343721044455179e+00 2.735516422092932221e+00 -9.531737695706820057e-01
-9.784315404598700638e+00 7.994635795550493640e+00 9.174944088244633977e-02 -3.132847033045739860e+00 3.238694605259737624e+00
-1.220106875843190330e+01 7.531668038144456290e+00 4.945518842109327906e+00 1.142497064329925482e+00 1.128398861223649519e+00
1.268897476297088467e+01 -6.319979675268411201e-01 4.625260685933205274e+00 1.226352095204651826e+00 -2.952507432352970085e+00
-1.944182284884687917e+00 1.121210596208396471e+00 -2.206634889093230800e+00 2.919676228283638042e-03 -6.718880137215957893e-01
-1.512166288609451037e+01 -6.799242561499679205e+00 7.737425737448367258e+00 -1.279999036887026209e+00 -2.906805479648771673e+00
2.082922285760102632e+00 2.333232257240457075e-01 2.932297252493286099e-01 2.062880253943045528e+00 -1.155441928743698776e+00
-1.594785339416815217e+00 1.035453459307146318e+01 -8.724852174580819408e-01 2.795227076017975154e+00 3.050098034136272118e-01
1.590670362809384031e+01 3.274767274192177613e+00 8.385842989906207023e+00 -2.296414557034123671e+00 -3.139478726223692728e+00
-6.275275897552023530e+00 6.797935334891521464e+00 -1.980725765606725419e+00 2.978348584885085248e+00 7.958514228577882876e-02
-2.173677958389453213e+00 1.813859404494404304e+00 -6.124322332810055336e+00 -2.794012492675308490e+00 -8.811980066358335306e-02
6.890134325432972773e+00 -3.466272601054706026e+00 -1.525954177390872191e-01 -5.470818076516983375e-01 1.448889969890082563e+00
-7.417940593685869111e+00 -5.296743603446060433e+00 -3.931558569549467586e-01 -3.740894212796294305e+00 -2.683683439763730583e+00
1.589286036308676309e+01 -2.529451132027160210e+00 3.851314978500655961e+00 5.832402644809836501e-01 2.297220056001747057e+00
-1.238100295463124034e+01 6.034815409144954401e+00 2.258074090105955278e+00 7.551205533557210359e-01 2.937583787817049874e+00
1.626911963134415018e+01 -2.840907535078015300e+00 7.624840796875858473e+00 -1.693716500606058162e+00 1.071900604105351817e+00
5.720946758577582614e+00 -2.049421619118818871e-01 -4.858404232213162643e+00 -2.805554875301674578e+00 1.161720293864665354e+00
1.703337290240466828e+01 -7.175807973967578413e-01 3.207345206471280630e+00 -2.163036395901005271e+00 -1.239220689368386030e-01
-1.233414349548903566e+01 1.181773485501992349e+00 3.172261832917671054e+00 -2.935390305978075265e+00 -1.065200705289315319e-01
-9.777861524970350438e-01 -6.522477153590832133e-01 -3.780458103772625922e+00 7.394464393952473458e-01 -3.234704334059008701e-01
1.634231674281778623e+01 -1.699807670439152263e+00 7.934745366209279283e+00 -1.660668230123680367e+00 1.165330372062410191e+00
-3.095834705726958069e-01 8.078069577075314811e+00 -2.048748506432860050e-01 6.665538200320563433e+00 7.264760409459242174e-01
-1.397016428748130812e+00 -1.748223135677754669e+00 -3.261709718100057831e+00 2.461412883820633279e+00 1.452811002948058094e+00
-9.508322408801983983e+00 -6.819537548304053232e+00 2.242742143225632034e+00 -1.202138088687370876e-01 -2.177862510773498350e+00
-7.163110938961420260e+00 5.021239490628766511e+00 -8.836478226107105094e-01 -1.270891602197345094e+00 1.806695924661220642e+00
-1.184937110756554723e+01 2.230595064519890619e-02 3.339962336824947808e+00 4.478910799521986785e-01 -9.914300229901950035e-01
-7.465899848247805615e+00 -6.165317474199220271e+00 -7.859550558054565483e-01 -8.257867563208992623e-01 -3.704268362697901718e-01
-8.302525159212915895e+00 -3.381629732267281696e+00 -7.169244448973394190e-01 -1.454533739058859521e+00 -1.302630955552267711e+00
-1.188955704758530807e+01 3.877798450712056422e+00 3.955025539463075113e+00 -2.817835611189559053e+00 7.136634940274122485e-01
1.669725364363309339e+01 -5.663754509525609215e-02 6.222354926652081453e+00 -2.701939760602388052e+00 -2.198357921535530224e+00
4.826794321278537581e+00 3.005626104173366731e+00 3.883135411832931427e-01 5.393861186230838101e+00 -4.029363121505148193e+00
5.931895723237430751e+00 5.535833967322950855e+00 -3.560035008466406303e+00 -2.097974304467288498e+00 -1.200916057150748451e+00
-4.097791823850844395e+00 -3.194587648680879965e+00 -2.258251884780962671e-01 -5.901798255320718223e-01 -1.295198509172177381e+00
9.785002175629957666e-01 2.042822655546407962e+00 -1.178538631828690342e+00 -4.038761568678212455e-01 9.266779034197299980e-01
-3.639029685445001938e+00 5.618539312789867513e-01 -5.426065689967130012e+00 -6.607462379727582213e-01 2.707744788088032983e+00
-1.172217871050935223e+01 -6.576952782160581990e+00 1.658925316317363174e+00 1.425782755832351700e+00 2.986177459207362550e-01
-9.089422463236576988e+00 -2.706173445256562449e+00 1.840894853952393273e+00 -3.077873410841861723e+00 -1.281800391424851915e+00
8.531213196096883777e+00 4.193326503041900466e+00 -7.871415359185633953e-01 -1.255043245519808781e-01 -2.456492263025492395e+00
-3.740942697607862577e+00 2.322448642380125161e+00 -2.491665498236238285e+00 -1.475804554208842490e+00 -2.856189200927082283e-01
-6.495408573685046427e+00 8.463066378655984323e+00 2.430808166179982077e+00 -3.187908476725015205e+00 -1.237213413459044675e+00
-5.950528368423093184e+00 -3.875467067629759566e+00 -1.084180455366193119e+00 3.771692144197469343e-01 -2.208350425277803897e+00
-1.279680172386380121e+01 1.606191820468994447e+00 3.113073287555783164e+00 -3.455787520509943089e+00 1.762342958535340287e+00
-6.568008638543516575e+00 -4.209865397728944636e+00 -8.243895636281448058e-02 7.305910761954219623e-01 1.111747450299170603e-01
1.114694853684465414e+01 2.033562384592163319e+00 1.676013458257778588e+00 7.728768559277000572e-01 -9.920177520101544077e-01
-1.321658272140081136e+00 5.173496539852743048e+00 1.367794108292668120e-01 3.388823412504368360e+00 -3.379800684237756592e+00
1.849003185425296891e+01 1.341364898910733183e+00 4.352270231947946044e+00 -1.263396094261647784e+00 2.935018691732829144e+00
-9.972378898487200161e+00 5.068378062390555883e+00 7.617915274568773931e-01 5.850416080968332544e-01 1.406036106421121534e+00
-1.570604693151356201e+01 5.642175449826747347e+00 4.301132121676155329e+00 8.107710323693130272e-01 3.214366617105754997e+00
1.064024878004215857e+01 3.283135492514543952e+00 -3.575164437450892407e+00 6.683049542219851036e-01 1.387589592796938387e+00
3.451558618039423987e+00 1.264011805704138514e+00 -2.061733741145832077e+00 -9.557723829317016362e-01 1.475319831813007632e+00
-1.005445445778429203e+01 2.980284336237370102e+00 -1.217431679212361173e+00 1.224597984946836693e+00 2.513477953234391382e+00
-3.980725906104709555e+00 -5.185200275959922500e+00 -1.257010545870552720e+00 6.339844932679580269e-01 -1.745274560387990725e-01
-8.682466283795225337e+00 -3.250303579576625523e+00 -2.898018670475809966e+00 3.915694050824686467e+00 9.368055638041673516e-01
5.680358001507932464e+00 1.818844135474227963e+00 -8.914429601649357382e-01 -7.884615920596244054e-01 -4.831739430481685194e-01
-1.263651121101287078e+00 3.826843666751655881e+00 -2.295521349787020604e+00 6.082870384690636456e+00 1.253058699262956210e+00
-8.544641523307006992e+00 -3.039344671632101758e+00 -7.157403684931242793e-01 -8.970725675465316407e-01 -6.460424006844368572e-01
-9.052173967412695532e+00 1.380896811707775784e+00 -1.455118295069894770e-02 3.569882516203604084e-01 9.159678176743719646e-01
-5.806710970169838504e+00 -5.799596095938088780e+00 5.249683306103163360e-01 -5.358153283089732710e-01 -1.434697665715521708e+00
-4.455125555845667940e+00 -4.352133089452259185e+00 -8.672588046266296868e-02 1.329919644456273309e+00 -4.852631985409234794e-01
-6.564774375424066832e+00 -6.000860234872867238e+00 -2.681729513983212243e+00 -1.334603615802005816e+00 -3.029750629664928474e-01
-1.123951174379071460e+01 1.034106279273341045e+01 6.030643793335628722e+00 4.178783274683842919e+00 8.177275805171365652e-01
-8.340003084231726760e+00 -3.262165912481088004e+00 -7.644182040460444361e-01 5.836686805893349650e-01 3.159243678078517692e-01
-4.431290430024171556e+00 -2.522473721748678788e+00 -3.883397281529492595e+00 -1.947943067661866534e+00 -1.068215588952197148e+00
-1.263627173220700861e+01 3.838490321519187010e+00 1.070821677825053220e+00 -1.559365490318465053e+00 1.559241883769774351e+00
-9.173990330013619854e+00 -1.087370600055149694e+01 2.599589422025419427e+00 -3.132834613048967931e+00 -1.185478469453211892e+00
-9.934352608288607556e+00 -8.307408880849485033e-01 9.780875603093832638e-01 4.302814030788606331e-02 6.103849691389247045e-01
